0.7839882 -0.1604336 -0.1694986 -0.1298625 0.2729668 0.2102271 0.1934834 -0.1315735 -0.0725156 -0.0814152 0.1891392 -0.1046388 -0.0829293 -0.1194167 -0.0474203 -0.0862726 -0.1191302 -0.1148060 -0.0877163 -0.0966618 -0.0977215 -0.0892423 -0.1435253 -0.0665499 -0.1817915 0.2413461 0.2701851 -0.1237819 0.2059220 -0.0938394 -0.0895318 0.2239309 0.1567709 -0.0727040 -0.1165044 -0.0644467 -0.1123205 -0.1499789 -0.1194440 -0.1081275 -0.1709370 -0.1097476 -0.1293008 -0.0348334 -0.1267395 0.0599616 -0.1607233 0.1508874 0.0738020 0.1071165 -0.1303121 0.1916456 -0.1109031 0.2358328 -0.1148962 -0.1145929 -0.1067988 -0.1125183 -0.1028251 -0.1473865 -0.0835231 -0.1824472 0.1637255 -0.1175664 0.2039567 -0.1731284 -0.1709025 -0.0800817 -0.0687867 -0.1036834 -0.0745602 -0.0777476 0.1381846 -0.1661751 0.3481103 -0.0958444 0.3148768 0.7110949
-0.1604336 1.0023183 -0.1654162 -0.0653709 -0.1390413 -0.1498145 -0.1590564 -0.1315281 -0.0462461 -0.0297085 -0.1219831 -0.0448835 -0.0664555 -0.0330331 -0.1420895 -0.0481764 -0.0438007 -0.0383087 -0.0387675 -0.0230957 -0.0554396 -0.0334612 -0.0899528 -0.0414093 0.1464248 -0.1028979 -0.1640711 -0.0322418 -0.1286422 -0.0603861 -0.0468172 -0.1505205 -0.1076482 -0.0469678 -0.0593486 -0.0680935 -0.0359644 -0.1239175 -0.0349832 -0.0408462 0.6594645 -0.0288868 -0.1133559 -0.0759082 -0.0186039 -0.1094607 0.9907552 -0.1502092 -0.1274999 -0.0995066 -0.0427028 -0.1404332 -0.0709057 -0.1856233 -0.0564911 -0.0662319 -0.0339603 -0.0476063 -0.0275100 -0.1366969 -0.0554395 0.2712543 -0.1708941 -0.1046896 -0.1551602 0.7831562 0.5486882 -0.1004062 -0.0533720 -0.0468219 -0.0705431 -0.0213216 -0.1507797 0.9497768 -0.1567240 -0.0511829 -0.1645617 -0.1669977
-0.1694986 -0.1654162 0.5073006 0.0982432 -0.0892403 -0.0910403 -0.0355124 0.1845877 -0.0385379 0.0138171 -0.0929714 -0.0028490 -0.0231729 0.0135319 0.2575870 -0.0136005 -0.0278354 -0.0068533 -0.0184450 -0.0541942 0.0968799 0.0030470 0.1561449 -0.0342041 0.1795601 -0.0978461 -0.0987146 -0.0038466 -0.0682129 0.0168091 0.0002351 -0.0048212 -0.1161400 -0.0103914 0.0380982 0.0333803 0.0051787 0.1895922 0.0152471 0.0464998 -0.0830683 -0.0094151 0.1775320 -0.0077657 0.0524917 -0.0486778 -0.1659688 -0.0837947 -0.0326319 -0.0702153 0.0958105 -0.0415425 0.0898568 0.0235848 0.0548530 0.0923130 0.0101238 0.0514598 0.0001367 0.2066693 -0.0225361 0.1276983 0.0439729 0.1136588 -0.0244335 -0.1307826 -0.0091701 0.0874734 0.0621849 0.0721190 -0.0219804 -0.0297553 -0.1154347 -0.1577571 -0.1267550 0.0280228 -0.1161029 -0.1503147
-0.1298625 -0.0653709 0.0982432 0.5909265 -0.0790831 -0.0782752 -0.0601425 0.0619494 0.0074495 0.0258852 -0.0523921 0.0266363 0.0283478 0.0319545 0.0448429 0.0150304 0.0385875 0.0313899 0.0169866 0.0141152 0.0462924 0.0289845 0.0613735 0.0222222 0.0453731 -0.0777517 -0.0893887 0.0278285 -0.0720803 0.0292998 0.0334982 -0.0472617 -0.0643612 0.0090405 0.0397982 0.0217278 0.0346708 0.0735547 0.0329714 0.0317124 -0.0345214 0.0237369 0.0603787 -0.0010088 0.0358815 -0.0317523 -0.0651834 -0.0413400 -0.0401925 -0.0122162 0.0448671 -0.0550289 0.0478216 -0.0472585 0.0319182 0.0432912 0.0375131 0.0317717 0.0322258 0.0669436 0.0164430 0.0280935 -0.0363270 0.0461631 -0.0522885 -0.0534367 -0.0189838 0.0447634 0.0290133 0.0373334 0.0098943 0.0181256 -0.0423921 -0.0626108 -0.1038969 0.0365777 -0.0918077 -0.1222620
0.2729668 -0.1390413 -0.0892403 -0.0790831 0.6717371 0.1809395 0.1542629 -0.0817119 -0.0617633 -0.0857134 0.0359324 -0.0512140 -0.0678907 -0.0756657 -0.0282755 -0.0469073 -0.0715916 -0.0866357 -0.0471044 -0.0363103 -0.0761379 -0.0787124 -0.0837467 -0.0460678 -0.1168856 0.2274848 0.2880469 -0.0469811 0.1651100 -0.0708852 -0.0638177 0.1317945 0.0901482 -0.0728765 -0.0860571 -0.0723578 -0.0793482 -0.0960420 -0.0741665 -0.0810603 -0.1302837 -0.0864583 -0.0765885 -0.0500400 -0.0934655 0.0030124 -0.1391535 0.1012269 0.1390858 -0.0248033 -0.0800143 0.1810684 -0.0761300 0.1565415 -0.0927743 -0.0796759 -0.0781687 -0.0770446 -0.0647453 -0.0869811 -0.0642309 -0.1224571 0.1668777 -0.0773804 0.1188607 -0.1347981 -0.1211104 -0.0754935 -0.0598329 -0.0803059 -0.0046363 -0.0648050 0.1277171 -0.1385417 0.2100751 -0.0682477 0.2645256 0.2621934
0.2102271 -0.1498145 -0.0910403 -0.0782752 0.1809395 0.6794271 0.1868403 -0.0694441 -0.0342013 -0.0643233 0.1601241 -0.0582231 -0.0439326 -0.0606790 -0.0367220 -0.0501345 -0.0784335 -0.0691203 -0.0454634 -0.0374294 -0.0811930 -0.0708773 -0.0792441 -0.0575410 -0.1161399 0.1290272 0.2122492 -0.0321350 0.1417656 -0.0617438 -0.0568189 0.0921369 0.0891281 -0.0450297 -0.0743080 -0.0642465 -0.0687394 -0.0884422 -0.0679392 -0.0688794 -0.1327112 -0.0437982 -0.0742999 0.0045602 -0.0847117 0.0605914 -0.1495939 0.1035832 0.1403485 -0.0146992 -0.0809522 0.1466057 -0.0684839 0.1381598 -0.0779297 -0.0806420 -0.0615187 -0.0612680 -0.0753465 -0.0778399 -0.0508711 -0.1257079 0.0685133 -0.0652754 0.1377761 -0.1379504 -0.1323266 -0.0585781 -0.0537654 -0.0709628 0.0163185 -0.0545521 0.1486805 -0.1477094 0.1838284 -0.0724399 0.2026483 0.1995926
0.1934834 -0.1590564 -0.0355124 -0.0601425 0.1542629 0.1868403 0.5795674 -0.0467266 -0.0485321 -0.0665123 0.0922450 -0.0616883 -0.0443323 -0.0614875 -0.0005675 -0.0419961 -0.0661698 -0.0644925 -0.0451345 -0.0815301 -0.0597980 -0.0633345 -0.0622989 -0.0641497 -0.0901297 0.1454663 0.1623892 -0.0783125 0.1341563 -0.0439939 -0.0515077 0.1136487 0.0869853 -0.0563063 -0.0635590 -0.0387725 -0.0735764 -0.0576742 -0.0563484 -0.0526192 -0.1298913 -0.0612706 -0.0430744 -0.0091124 -0.0735859 0.0617137 -0.1588486 0.1024196 0.1287158 -0.0016085 -0.0596441 0.1050600 -0.0620999 0.1432019 -0.0452207 -0.0570090 -0.0587366 -0.0537027 -0.0596952 -0.0547323 -0.0554928 -0.1029055 0.1119051 -0.0561914 0.1217692 -0.1415412 -0.1192539 -0.0294921 -0.0313280 -0.0566435 -0.0183766 -0.0500350 0.1094643 -0.1542935 0.1582701 -0.0410392 0.1889233 0.1870494
-0.1315735 -0.1315281 0.1845877 0.0619494 -0.0817119 -0.0694441 -0.0467266 0.5467910 0.0106639 0.0307795 -0.0535754 0.0269472 0.0184597 0.0281885 0.0946158 0.0146366 0.0229518 0.0240668 0.0147425 0.0067277 0.0578397 0.0284854 0.0866082 0.0130049 0.0680306 -0.0802738 -0.0813736 0.0260693 -0.0647469 0.0286565 0.0246402 -0.0303767 -0.0688336 0.0218627 0.0421996 0.0323029 0.0277517 0.1008225 0.0354237 0.0401253 -0.0768378 0.0287471 0.0911005 0.0055698 0.0438046 -0.0324783 -0.1316295 -0.0567131 -0.0290517 -0.0224885 0.0610934 -0.0479009 0.0571002 -0.0262172 0.0477991 0.0580179 0.0264001 0.0432286 0.0236902 0.1097148 0.0172279 0.0369553 -0.0135355 0.0692893 -0.0442496 -0.1032825 -0.0425847 0.0563049 0.0389437 0.0480511 0.0124446 0.0126318 -0.0647717 -0.1260080 -0.1038439 0.0394965 -0.0929048 -0.1195004
-0.0725156 -0.0462461 -0.0385379 0.0074495 -0.0617633 -0.0342013 -0.0485321 0.0106639 0.6703473 0.0138152 -0.0318615 0.0282808 0.0317227 0.0081388 -0.0221783 0.0220484 0.0610649 0.0375421 0.0327953 0.0137462 0.0028008 0.0261943 0.0134132 0.0276820 -0.0198318 -0.0425835 -0.0509582 0.0113485 -0.0473760 0.0261393 0.0223322 -0.0513568 -0.0327395 0.0201489 0.0253027 0.0146548 0.0429062 0.0075017 0.0246539 0.0217968 -0.0372582 0.0369080 0.0099213 0.0101551 0.0221261 -0.0215664 -0.0463327 -0.0467427 -0.0256242 0.0140525 0.0118100 -0.0302731 0.0084642 -0.0552114 0.0149829 0.0087302 0.0328208 0.0297830 0.0261430 0.0082949 0.0250315 -0.0265510 -0.0557614 0.0136991 -0.0390972 -0.0430557 -0.0402932 0.0234448 0.0069035 0.0204522 0.0226970 0.0131588 0.0011888 -0.0473752 -0.0606653 0.0150802 -0.0462538 -0.0726431
-0.0814152 -0.0297085 0.0138171 0.0258852 -0.0857134 -0.0643233 -0.0665123 0.0307795 0.0138152 0.6512319 -0.0136764 0.0288252 0.0246426 0.0257866 0.0080056 0.0241720 0.0329404 0.0353658 0.0305088 0.0264136 0.0229225 0.0251137 0.0336073 0.0251534 0.0147690 -0.0787254 -0.0895205 0.0231840 -0.0730471 0.0212294 0.0318857 -0.0618506 -0.0651212 0.0320830 0.0361972 0.0122529 0.0225318 0.0376219 0.0358823 0.0239129 -0.0175064 0.0332231 0.0286358 -0.0122548 0.0364610 -0.0383657 -0.0295594 -0.0425741 -0.0422695 0.0203973 0.0282690 -0.0665736 0.0261202 -0.0729466 0.0297943 0.0305920 0.0446952 0.0252202 0.0349763 0.0338356 0.0418895 0.0046457 -0.0557241 0.0215989 -0.0591235 -0.0146420 -0.0122328 0.0155580 0.0227507 0.0342283 0.0101952 0.0223537 -0.0522031 -0.0287711 -0.0993905 0.0240673 -0.0892562 -0.0760300
0.1891392 -0.1219831 -0.0929714 -0.0523921 0.0359324 0.1601241 0.0922450 -0.0535754 -0.0318615 -0.0136764 0.7273202 -0.0394515 -0.0237515 -0.0302015 -0.0338658 -0.0327588 -0.0534266 -0.0490987 -0.0476917 -0.0510446 -0.0438365 -0.0589751 -0.0650626 -0.0407395 -0.0994091 0.0409710 0.0699684 -0.0547960 0.0427039 -0.0401745 -0.0272611 0.0193208 0.2274099 -0.0333957 -0.0298134 -0.0327387 -0.0591057 -0.0648097 -0.0453030 -0.0515982 -0.1136436 -0.0535008 -0.0614624 0.0928555 -0.0727381 0.1798828 -0.1218917 0.1227870 0.0911679 0.0583497 -0.0657653 0.0343047 -0.0399243 0.0922879 -0.0594175 -0.0566758 -0.0498380 -0.0529542 -0.0582136 -0.0629380 -0.0447780 -0.1060318 0.0243550 -0.0467817 0.0999744 -0.1190553 -0.1140438 -0.0371914 -0.0116490 -0.0557372 -0.0177200 -0.0301418 0.0918212 -0.1212940 0.0691338 -0.0365988 0.0848132 0.1770922
-0.1046388 -0.0448835 -0.0028490 0.0266363 -0.0512140 -0.0582231 -0.0616883 0.0269472 0.0282808 0.0288252 -0.0394515 0.6629880 0.0324807 0.0233530 -0.0048871 0.0159036 0.0387702 0.0286603 0.0230834 0.0373237 0.0167772 0.0233797 0.0258254 0.0213475 0.0014751 -0.0596178 -0.0668734 0.0435553 -0.0634558 0.0218904 0.0219490 -0.0618353 -0.0517354 0.0530461 0.0273249 0.0239097 0.0372783 0.0298888 0.0376623 0.0259185 -0.0335703 0.0440989 0.0207462 -0.0160662 0.0383331 -0.0336465 -0.0448274 -0.0384795 -0.0321875 -0.0106592 0.0327438 -0.0501056 0.0264079 -0.0659651 0.0290784 0.0233275 0.0331370 0.0307727 0.0160555 0.0242117 0.0393005 -0.0074356 -0.0540331 0.0275159 -0.0670089 -0.0277889 -0.0256959 0.0127056 0.0186584 0.0338467 0.0325137 0.0298204 -0.0288657 -0.0448043 -0.0864330 0.0221946 -0.0761347 -0.1017857
-0.0829293 -0.0664555 -0.0231729 0.0283478 -0.0678907 -0.0439326 -0.0443323 0.0184597 0.0317227 0.0246426 -0.0237515 0.0324807 0.6684008 0.0261380 -0.0128722 0.0576418 0.0446771 0.0284004 0.0396405 0.0234459 0.0276631 0.0305528 0.0111598 0.0555047 -0.0105000 -0.0420739 -0.0663376 0.0153472 -0.0635808 0.0361855 0.0330407 -0.0504134 -0.0301594 0.0156811 0.0085922 0.0173258 0.0252463 0.0243173 0.0426572 0.0103337 -0.0482139 0.0355461 0.0158057 0.0167665 0.0151025 -0.0181731 -0.0663186 -0.0435671 -0.0371199 0.0212753 0.0228473 -0.0524028 0.0207854 -0.0636156 0.0157752 0.0195486 0.0375415 0.0177888 0.0301460 0.0169910 0.0135985 -0.0202316 -0.0414087 0.0233445 -0.0526237 -0.0676637 -0.0499164 0.0392651 0.0215957 0.0196322 0.0124787 0.0368336 -0.0216581 -0.0665201 -0.0613460 0.0305591 -0.0672011 -0.0812788
-0.1194167 -0.0330331 0.0135319 0.0319545 -0.0756657 -0.0606790 -0.0614875 0.0281885 0.0081388 0.0257866 -0.0302015 0.0233530 0.0261380 0.6552488 -0.0040960 0.0304104 0.0213324 0.0413458 0.0412129 0.0317241 0.0218039 0.0309717 0.0331480 0.0298381 0.0120435 -0.0636668 -0.0820632 0.0503664 -0.0683343 0.0137271 0.0306371 -0.0615669 -0.0438149 0.0192305 0.0442414 0.0244821 0.0175558 0.0301143 0.0242989 0.0342177 -0.0328705 0.0331128 0.0309911 0.0289804 0.0365205 -0.0131501 -0.0328489 -0.0638485 -0.0499025 -0.0015949 0.0285836 -0.0629213 0.0249990 -0.0640125 0.0431799 0.0373701 0.0265447 0.0383441 0.0431612 0.0374816 0.0345077 0.0015455 -0.0520685 0.0297123 -0.0603091 -0.0394269 -0.0228756 0.0187252 0.0178848 0.0187328 0.0184980 0.0341778 -0.0482237 -0.0313455 -0.0975275 0.0217892 -0.0811661 -0.1145132
-0.0474203 -0.1420895 0.2575870 0.0448429 -0.0282755 -0.0367220 -0.0005675 0.0946158 -0.0221783 0.0080056 -0.0338658 -0.0048871 -0.0128722 -0.0040960 0.4954025 -0.0096685 -0.0129543 -0.0030179 -0.0081244 -0.0367247 0.0436918 0.0005082 0.0742948 -0.0214659 0.0663230 -0.0367728 -0.0307760 -0.0133302 -0.0174811 0.0035943 -0.0064892 0.0123803 -0.0493791 -0.0051627 0.0178574 0.0086587 -0.0029954 0.0929871 -0.0029596 0.0158996 -0.0867059 -0.0138866 0.0887725 -0.0077774 0.0131408 -0.0243243 -0.1425804 -0.0281176 -0.0098177 -0.0352734 0.0454551 0.0025282 0.0385206 0.0254444 0.0236880 0.0415465 0.0010419 0.0192976 -0.0054426 0.1015620 -0.0174285 0.0334976 0.0339531 0.0525258 0.0005432 -0.1198759 -0.0447499 0.0400040 0.0331666 0.0282617 -0.0161760 -0.0139327 -0.0593658 -0.1382518 -0.0450139 0.0107809 -0.0350134 -0.0403725
-0.0862726 -0.0481764 -0.0136005 0.0150304 -0.0469073 -0.0501345 -0.0419961 0.0146366 0.0220484 0.0241720 -0.0327588 0.0159036 0.0576418 0.0304104 -0.0096685 0.6642287 0.0435611 0.0205327 0.0257300 0.0277115 0.0108784 0.0161085 0.0176516 0.0450427 -0.0062837 -0.0485164 -0.0392989 0.0125177 -0.0465271 0.0204547 0.0251721 -0.0523095 -0.0372770 0.0071336 0.0139934 0.0186348 0.0020330 0.0276273 0.0437556 0.0159865 -0.0377585 0.0228988 0.0118603 0.0451292 0.0089923 -0.0170483 -0.0480363 -0.0428852 -0.0359582 -0.0046585 0.0267346 -0.0447873 0.0181780 -0.0453756 0.0161689 0.0162947 0.0245581 0.0233409 0.0379235 0.0181497 0.0186368 -0.0153402 -0.0444914 0.0285416 -0.0489043 -0.0514349 -0.0339096 0.0189642 0.0177388 0.0077331 0.0234335 0.0070835 -0.0187791 -0.0459060 -0.0661138 0.0202654 -0.0589792 -0.0854959
-0.1191302 -0.0438007 -0.0278354 0.0385875 -0.0715916 -0.0784335 -0.0661698 0.0229518 0.0610649 0.0329404 -0.0534266 0.0387702 0.0446771 0.0213324 -0.0129543 0.0435611 0.6843292 0.0468891 0.0161000 0.0689706 0.0245383 0.0494059 0.0293877 0.0466858 -0.0006236 -0.0783724 -0.0797859 0.0176279 -0.0736287 0.0368707 0.0416701 -0.0718378 -0.0493910 0.0254851 0.0394295 0.0159829 0.0746161 0.0301743 0.0441153 0.0353836 -0.0233971 0.0209303 0.0249923 0.0023927 0.0145309 -0.0317719 -0.0439392 -0.0449483 -0.0440081 0.0186640 0.0233175 -0.0745689 0.0172163 -0.0812151 0.0299308 0.0131693 0.0383582 0.0196811 0.0495665 0.0191444 0.0388971 -0.0116884 -0.0716778 0.0254147 -0.0716110 -0.0344896 -0.0300470 0.0269427 0.0220979 0.0152915 0.0197660 0.0461754 -0.0121650 -0.0425829 -0.0946031 0.0411782 -0.0917364 -0.1161882
-0.1148060 -0.0383087 -0.0068533 0.0313899 -0.0866357 -0.0691203 -0.0644925 0.0240668 0.0375421 0.0353658 -0.0490987 0.0286603 0.0284004 0.0413458 -0.0030179 0.0205327 0.0468891 0.6523580 0.0393539 0.0488679 0.0300093 0.0348473 0.0300489 0.0278976 0.0063840 -0.0729244 -0.0886193 0.0294099 -0.0642636 0.0298926 0.0319619 -0.0664501 -0.0644697 0.0407834 0.0381833 0.0235874 0.0584325 0.0325421 0.0258478 0.0486471 -0.0239638 0.0347881 0.0215657 -0.0039780 0.0384218 -0.0274028 -0.0383472 -0.0495518 -0.0469994 -0.0037777 0.0345115 -0.0670123 0.0263510 -0.0747820 0.0268090 0.0334529 0.0289592 0.0376905 0.0739956 0.0252166 0.0440955 -0.0023333 -0.0644438 0.0337672 -0.0712742 -0.0395327 -0.0172859 0.0195443 0.0141278 0.0200980 0.0186216 0.0336471 -0.0456682 -0.0372443 -0.0903421 0.0356596 -0.0881578 -0.1094475
-0.0877163 -0.0387675 -0.0184450 0.0169866 -0.0471044 -0.0454634 -0.0451345 0.0147425 0.0327953 0.0305088 -0.0476917 0.0230834 0.0396405 0.0412129 -0.0081244 0.0257300 0.0161000 0.0393539 0.6451949 0.0241121 0.0099016 0.0228884 0.0176239 0.0249791 -0.0041276 -0.0568314 -0.0560515 0.0282609 -0.0583189 0.0244650 0.0214988 -0.0504656 -0.0434258 0.0099413 0.0355231 0.0202064 0.0265674 0.0149848 0.0360907 0.0237051 -0.0358449 0.0379699 0.0129872 0.0070404 0.0405495 -0.0410156 -0.0385566 -0.0243006 -0.0197996 -0.0153638 0.0201587 -0.0486441 0.0211158 -0.0606601 0.0182201 0.0312774 0.0298796 0.0392290 0.0355950 0.0203507 0.0361313 -0.0132403 -0.0475916 0.0152989 -0.0525312 -0.0379837 -0.0365533 0.0120033 0.0159904 0.0272327 0.0068814 0.0255753 -0.0236920 -0.0397910 -0.0734439 0.0174148 -0.0639666 -0.0852837
-0.0966618 -0.0230957 -0.0541942 0.0141152 -0.0363103 -0.0374294 -0.0815301 0.0067277 0.0137462 0.0264136 -0.0510446 0.0373237 0.0234459 0.0317241 -0.0367247 0.0277115 0.0689706 0.0488679 0.0241121 0.7187315 0.0101056 0.0250302 0.0152690 0.0500447 -0.0111495 -0.0728676 -0.0352380 0.0661207 -0.0694335 0.0321677 0.0354298 -0.0755236 -0.0598950 0.0405563 0.0065963 0.0214332 0.0318859 0.0080259 0.0333858 0.0094547 -0.0106790 0.0407295 0.0058110 -0.0073698 0.0243177 -0.0455669 -0.0228368 -0.0436085 -0.0160979 0.0014154 0.0218501 -0.0813721 0.0237610 -0.0921502 0.0210415 0.0144113 0.0339125 0.0042782 0.0462873 0.0048334 0.0288148 -0.0145530 -0.0813774 0.0319002 -0.0823622 -0.0054651 -0.0226712 -0.0031051 0.0155349 0.0138692 0.0540673 0.0468470 0.0039873 -0.0248563 -0.0852726 0.0242523 -0.0825456 -0.0969019
-0.0977215 -0.0554396 0.0968799 0.0462924 -0.0761379 -0.0811930 -0.0597980 0.0578397 0.0028008 0.0229225 -0.0438365 0.0167772 0.0276631 0.0218039 0.0436918 0.0108784 0.0245383 0.0300093 0.0099016 0.0101056 0.6016604 0.0300529 0.0590423 0.0173905 0.0461702 -0.0719133 -0.0821412 0.0146220 -0.0649809 0.0361116 0.0293007 -0.0380088 -0.0711421 0.0129294 0.0267448 0.0171544 0.0357588 0.0644689 0.0336200 0.0326594 -0.0295463 0.0287317 0.0632635 -0.0001527 0.0332855 -0.0433625 -0.0554899 -0.0585049 -0.0389814 -0.0263324 0.0375252 -0.0474718 0.0479490 -0.0421275 0.0395581 0.0447566 0.0270780 0.0292216 0.0207995 0.0680830 0.0113364 0.0291472 -0.0322659 0.0443459 -0.0438138 -0.0444755 -0.0124773 0.0311195 0.0237377 0.0309719 -0.0058491 0.0146248 -0.0713097 -0.0521685 -0.0882464 0.0285442 -0.0858821 -0.0909864
-0.0892423 -0.0334612 0.0030470 0.0289845 -0.0787124 -0.0708773 -0.0633345 0.0284854 0.0261943 0.0251137 -0.0589751 0.0233797 0.0305528 0.0309717 0.0005082 0.0161085 0.0494059 0.0348473 0.0228884 0.0250302 0.0300529 0.6694641 0.0327938 0.0117302 0.0067025 -0.0637544 -0.0843077 0.0290177 -0.0638960 0.0501604 0.0241823 -0.0531614 -0.0400665 0.0327957 0.0239298 0.0304604 0.0582402 0.0456217 0.0299242 0.0235426 -0.0232399 0.0271051 0.0305992 0.0029363 0.0255893 -0.0407933 -0.0333481 -0.0482798 -0.0342416 -0.0010576 0.0246650 -0.0571733 0.0179128 -0.0660902 0.0388281 0.0189522 0.0287533 0.0115874 0.0335619 0.0205194 0.0179756 -0.0008977 -0.0464248 0.0226012 -0.0568078 -0.0271528 -0.0196201 0.0356521 0.0124283 0.0217050 0.0062997 0.0152562 -0.0340117 -0.0334206 -0.0722762 0.0153307 -0.0776800 -0.0851215
-0.1435253 -0.0899528 0.1561449 0.0613735 -0.0837467 -0.0792441 -0.0622989 0.0866082 0.0134132 0.0336073 -0.0650626 0.0258254 0.0111598 0.0331480 0.0742948 0.0176516 0.0293877 0.0300489 0.0176239 0.0152690 0.0590423 0.0327938 0.5647399 0.0061191 0.0689603 -0.0930688 -0.0935679 0.0390640 -0.0782067 0.0328448 0.0235411 -0.0451105 -0.0712535 0.0221631 0.0497372 0.0293294 0.0437133 0.0887336 0.0352562 0.0507865 -0.0524283 0.0234087 0.0828923 0.0084928 0.0508993 -0.0439042 -0.0900507 -0.0609062 -0.0338657 -0.0258436 0.0618346 -0.0614106 0.0533787 -0.0410191 0.0501263 0.0596071 0.0384008 0.0517696 0.0292011 0.0957409 0.0225852 0.0441795 -0.0255896 0.0620163 -0.0532823 -0.0775032 -0.0232224 0.0472032 0.0323433 0.0408846 0.0060525 0.0060495 -0.0705116 -0.0865644 -0.1149364 0.0386364 -0.1065417 -0.1324844
-0.0665499 -0.0414093 -0.0342041 0.0222222 -0.0460678 -0.0575410 -0.0641497 0.0130049 0.0276820 0.0251534 -0.0407395 0.0213475 0.0555047 0.0298381 -0.0214659 0.0450427 0.0466858 0.0278976 0.0249791 0.0500447 0.0173905 0.0117302 0.0061191 0.6752479 -0.0137995 -0.0445081 -0.0613951 0.0314050 -0.0652591 0.0275685 0.0330905 -0.0478588 -0.0317140 0.0233507 0.0117472 0.0133805 0.0167638 0.0123748 0.0425567 0.0127163 -0.0290067 0.0415686 0.0094135 -0.0132340 0.0167956 -0.0366386 -0.0414455 -0.0247763 -0.0488878 0.0058809 0.0178829 -0.0554636 0.0306424 -0.0563761 0.0228775 0.0171757 0.0266661 0.0137095 0.0371127 0.0139732 0.0162746 -0.0176750 -0.0469078 0.0159488 -0.0474862 -0.0381471 -0.0394161 0.0161623 0.0188019 0.0092017 -0.0013319 0.0407047 -0.0434135 -0.0410543 -0.0629010 0.0235993 -0.0478002 -0.0654176
-0.1817915 0.1464248 0.1795601 0.0453731 -0.1168856 -0.1161399 -0.0901297 0.0680306 -0.0198318 0.0147690 -0.0994091 0.0014751 -0.0105000 0.0120435 0.0663230 -0.0062837 -0.0006236 0.0063840 -0.0041276 -0.0111495 0.0461702 0.0067025 0.0689603 -0.0137995 0.5902559 -0.1097959 -0.1289969 0.0082098 -0.1006988 0.0114807 -0.0015739 -0.0726978 -0.1076041 -0.0020463 0.0167944 0.0123756 0.0108940 0.0773304 0.0157176 0.0289071 0.1430100 0.0094578 0.0688035 -0.0192147 0.0378615 -0.0676717 0.1458841 -0.1021754 -0.0648717 -0.0641263 0.0528246 -0.0863899 0.0413017 -0.0695577 0.0292307 0.0428945 0.0132916 0.0271868 0.0093047 0.0790834 -0.0090615 0.1498501 -0.0496701 0.0417523 -0.0798823 0.1454856 0.1455169 0.0284197 0.0225052 0.0384369 -0.0202868 -0.0095372 -0.1134592 0.1477349 -0.1482778 0.0126197 -0.1430177 -0.1715657
0.2413461 -0.1028979 -0.0978461 -0.0777517 0.2274848 0.1290272 0.1454663 -0.0802738 -0.0425835 -0.0787254 0.0409710 -0.0596178 -0.0420739 -0.0636668 -0.0367728 -0.0485164 -0.0783724 -0.0729244 -0.0568314 -0.0728676 -0.0719133 -0.0637544 -0.0930688 -0.0445081 -0.1097959 0.6722879 0.2282669 -0.0858980 0.1927887 -0.0544164 -0.0519198 0.1706334 0.0612037 -0.0687046 -0.0785072 -0.0603638 -0.0759447 -0.0964530 -0.0756064 -0.0783981 -0.1055377 -0.0718729 -0.0804545 -0.0571081 -0.0888770 0.0429487 -0.1026729 0.0951538 0.0099336 -0.0274428 -0.0828253 0.2150847 -0.0759452 0.1598646 -0.0779413 -0.0762707 -0.0700014 -0.0726459 -0.0759284 -0.0893581 -0.0617304 -0.1127734 0.1368689 -0.0642982 0.1244529 -0.1067724 -0.1053884 -0.0599458 -0.0426777 -0.0791662 -0.0358035 -0.0565095 0.0720391 -0.1017960 0.2462966 -0.0574195 0.2415466 0.2307392
0.2701851 -0.1640711 -0.0987146 -0.0893887 0.2880469 0.2122492 0.1623892 -0.0813736 -0.0509582 -0.0895205 0.0699684 -0.0668734 -0.0663376 -0.0820632 -0.0307760 -0.0392989 -0.0797859 -0.0886193 -0.0560515 -0.0352380 -0.0821412 -0.0843077 -0.0935679 -0.0613951 -0.1289969 0.2282669 0.6884174 -0.0545342 0.2125188 -0.0736777 -0.0653048 0.1377544 0.0895538 -0.0677580 -0.0914284 -0.0640293 -0.0792876 -0.1032866 -0.0836416 -0.0816155 -0.1490588 -0.0835375 -0.0841837 -0.0285418 -0.0942448 0.0589515 -0.1644821 0.0945101 0.1304660 -0.0099667 -0.0895406 0.1927531 -0.0782940 0.1536267 -0.1037605 -0.0858589 -0.0697253 -0.0866691 -0.0764071 -0.0890669 -0.0702645 -0.1382220 0.1393568 -0.0759491 0.1441555 -0.1605097 -0.1476038 -0.0620776 -0.0612690 -0.0821053 0.0085498 -0.0841084 0.1985515 -0.1624714 0.2338265 -0.0846502 0.2582383 0.2585522
-0.1237819 -0.0322418 -0.0038466 0.0278285 -0.0469811 -0.0321350 -0.0783125 0.0260693 0.0113485 0.0231840 -0.0547960 0.0435553 0.0153472 0.0503664 -0.0133302 0.0125177 0.0176279 0.0294099 0.0282609 0.0661207 0.0146220 0.0290177 0.0390640 0.0314050 0.0082098 -0.0858980 -0.0545342 0.6936681 -0.0748416 0.0322177 0.0140652 -0.0725503 -0.0550345 0.0339475 0.0510646 0.0121243 0.0308963 0.0263586 0.0227928 0.0356817 -0.0299755 0.0455416 0.0249108 -0.0012539 0.0413447 -0.0431059 -0.0323579 -0.0398198 -0.0115674 -0.0154122 0.0193331 -0.0736655 0.0301569 -0.0832724 0.0582653 0.0434501 0.0198766 0.0412477 0.0426032 0.0314807 0.0638227 -0.0025728 -0.0672761 0.0266806 -0.0759068 -0.0300083 -0.0261792 0.0109558 0.0096476 0.0283951 0.0461091 0.0254614 -0.0228712 -0.0323686 -0.1025129 0.0190273 -0.0928648 -0.1213013
0.2059220 -0.1286422 -0.0682129 -0.0720803 0.1651100 0.1417656 0.1341563 -0.0647469 -0.0473760 -0.0730471 0.0427039 -0.0634558 -0.0635808 -0.0683343 -0.0174811 -0.0465271 -0.0736287 -0.0642636 -0.0583189 -0.0694335 -0.0649809 -0.0638960 -0.0782067 -0.0652591 -0.1006988 0.1927887 0.2125188 -0.0748416 0.6257050 -0.0588447 -0.0475603 0.1391126 0.0360380 -0.0635769 -0.0553163 -0.0530619 -0.0725154 -0.0772865 -0.0589466 -0.0738690 -0.1169781 -0.0655141 -0.0660039 -0.0403431 -0.0744030 0.1177379 -0.1286034 0.1304161 0.0475031 -0.0249599 -0.0680679 0.1708158 -0.0705614 0.1260535 -0.0740739 -0.0615731 -0.0608390 -0.0577992 -0.0712361 -0.0623139 -0.0559815 -0.1069881 0.1072392 -0.0596783 0.1033618 -0.1241601 -0.1104918 -0.0680548 -0.0607079 -0.0712809 -0.0395947 -0.0607876 0.0732946 -0.1270612 0.3312945 -0.0602868 0.2485562 0.1997938
-0.0938394 -0.0603861 0.0168091 0.0292998 -0.0708852 -0.0617438 -0.0439939 0.0286565 0.0261393 0.0212294 -0.0401745 0.0218904 0.0361855 0.0137271 0.0035943 0.0204547 0.0368707 0.0298926 0.0244650 0.0321677 0.0361116 0.0501604 0.0328448 0.0275685 0.0114807 -0.0544164 -0.0736777 0.0322177 -0.0588447 0.6339099 0.0232173 -0.0455352 -0.0523556 0.0288031 0.0303573 0.0127054 0.0556180 0.0371998 0.0175670 0.0317451 -0.0370325 0.0260850 0.0404929 -0.0109632 0.0324052 -0.0421257 -0.0602876 -0.0450058 -0.0375794 -0.0111875 0.0260644 -0.0532906 0.0275441 -0.0563932 0.0339282 0.0299928 0.0274235 0.0162227 0.0190268 0.0321595 0.0382382 -0.0042598 -0.0432544 0.0354640 -0.0508044 -0.0419257 -0.0293541 0.0368002 0.0231448 0.0182901 0.0135702 0.0246815 -0.0343957 -0.0580932 -0.0772412 0.0186851 -0.0508642 -0.0897892
-0.0895318 -0.0468172 0.0002351 0.0334982 -0.0638177 -0.0568189 -0.0515077 0.0246402 0.0223322 0.0318857 -0.0272611 0.0219490 0.0330407 0.0306371 -0.0064892 0.0251721 0.0416701 0.0319619 0.0214988 0.0354298 0.0293007 0.0241823 0.0235411 0.0330905 -0.0015739 -0.0519198 -0.0653048 0.0140652 -0.0475603 0.0232173 0.6394682 -0.0447181 -0.0376697 0.0103873 0.0273103 0.0058433 0.0169139 0.0241429 0.0406993 0.0164732 -0.0458171 0.0254848 0.0204882 0.0170006 0.0303412 -0.0214761 -0.0466043 -0.0205463 -0.0231860 0.0041692 0.0128708 -0.0482754 0.0332532 -0.0500433 0.0260621 0.0207003 0.0258528 0.0124522 0.0271646 0.0256148 0.0102587 -0.0161459 -0.0463189 0.0213755 -0.0453235 -0.0465830 -0.0362161 0.0173983 0.0145248 0.0219370 0.0065698 0.0361458 -0.0278147 -0.0457370 -0.0776723 0.0182217 -0.0595036 -0.0883882
0.2239309 -0.1505205 -0.0048212 -0.0472617 0.1317945 0.0921369 0.1136487 -0.0303767 -0.0513568 -0.0618506 0.0193208 -0.0618353 -0.0504134 -0.0615669 0.0123803 -0.0523095 -0.0718378 -0.0664501 -0.0504656 -0.0755236 -0.0380088 -0.0531614 -0.0451105 -0.0478588 -0.0726978 0.1706334 0.1377544 -0.0725503 0.1391126 -0.0455352 -0.0447181 0.5598269 0.1041104 -0.0560152 -0.0573034 -0.0288511 -0.0613581 -0.0402764 -0.0602589 -0.0505910 -0.1330650 -0.0592250 -0.0354192 -0.0342985 -0.0626614 0.0363061 -0.1506241 0.0831988 0.0480290 0.0355895 -0.0528351 0.1358242 -0.0504993 0.1500534 -0.0425419 -0.0434386 -0.0478255 -0.0547103 -0.0595958 -0.0366532 -0.0555629 -0.0870960 0.1239875 -0.0381531 0.1007693 -0.1439369 -0.1098962 -0.0306286 -0.0399733 -0.0465572 -0.0413464 -0.0487188 0.0499813 -0.1480353 0.2109201 -0.0454814 0.1619653 0.2153381
0.1567709 -0.1076482 -0.1161400 -0.0643612 0.0901482 0.0891281 0.0869853 -0.0688336 -0.0327395 -0.0651212 0.2274099 -0.0517354 -0.0301594 -0.0438149 -0.0493791 -0.0372770 -0.0493910 -0.0644697 -0.0434258 -0.0598950 -0.0711421 -0.0400665 -0.0712535 -0.0317140 -0.1076041 0.0612037 0.0895538 -0.0550345 0.0360380 -0.0523556 -0.0376697 0.1041104 0.7256647 -0.0445128 -0.0459003 -0.0261074 -0.0713495 -0.0731922 -0.0530813 -0.0575344 -0.1077900 -0.0623197 -0.0713779 0.1124848 -0.0673749 0.1747335 -0.1075453 0.0943075 0.1347239 0.1159202 -0.0687926 0.0469588 -0.0638587 0.0992457 -0.0581917 -0.0597235 -0.0500326 -0.0592821 -0.0603044 -0.0800482 -0.0382439 -0.1127424 0.0751614 -0.0618002 0.1047219 -0.1111068 -0.1104686 -0.0397018 -0.0377353 -0.0530602 -0.0363298 -0.0240965 0.0613395 -0.1075299 0.1595308 -0.0515253 0.1009694 0.1445060
-0.0727040 -0.0469678 -0.0103914 0.0090405 -0.0728765 -0.0450297 -0.0563063 0.0218627 0.0201489 0.0320830 -0.0333957 0.0530461 0.0156811 0.0192305 -0.0051627 0.0071336 0.0254851 0.0407834 0.0099413 0.0405563 0.0129294 0.0327957 0.0221631 0.0233507 -0.0020463 -0.0687046 -0.0677580 0.0339475 -0.0635769 0.0288031 0.0103873 -0.0560152 -0.0445128 0.6744910 0.0303880 0.0211940 0.0629086 0.0209257 0.0161462 0.0232708 -0.0410660 0.0337947 0.0148539 -0.0070147 0.0201930 -0.0162733 -0.0466926 -0.0305711 -0.0341388 0.0108115 0.0171080 -0.0431647 0.0274365 -0.0632131 0.0262251 0.0190815 0.0209798 0.0285712 0.0356235 0.0184773 0.0443194 -0.0117693 -0.0505328 0.0267340 -0.0439610 -0.0417894 -0.0328842 0.0160635 0.0125030 0.0195027 0.0286109 0.0288040 -0.0309328 -0.0459021 -0.0767806 0.0292297 -0.0718352 -0.0715225
-0.1165044 -0.0593486 0.0380982 0.0397982 -0.0860571 -0.0743080 -0.0635590 0.0421996 0.0253027 0.0361972 -0.0298134 0.0273249 0.0085922 0.0442414 0.0178574 0.0139934 0.0394295 0.0381833 0.0355231 0.0065963 0.0267448 0.0239298 0.0497372 0.0117472 0.0167944 -0.0785072 -0.0914284 0.0510646 -0.0553163 0.0303573 0.0273103 -0.0573034 -0.0459003 0.0303880 0.6270741 0.0310346 0.0413235 0.0391321 0.0283780 0.0471942 -0.0357696 0.0149600 0.0351736 0.0252280 0.0422183 -0.0118417 -0.0594446 -0.0390457 -0.0483192 -0.0106506 0.0339998 -0.0602951 0.0323310 -0.0588299 0.0479760 0.0351831 0.0293630 0.0390837 0.0249939 0.0475483 0.0314806 0.0031224 -0.0496379 0.0380280 -0.0381645 -0.0544794 -0.0230342 0.0273049 0.0209868 0.0203971 0.0194309 0.0352333 -0.0562154 -0.0578303 -0.0881523 0.0379166 -0.0836111 -0.1123727
-0.0644467 -0.0680935 0.0333803 0.0217278 -0.0723578 -0.0642465 -0.0387725 0.0323029 0.0146548 0.0122529 -0.0327387 0.0239097 0.0173258 0.0244821 0.0086587 0.0186348 0.0159829 0.0235874 0.0202064 0.0214332 0.0171544 0.0304604 0.0293294 0.0133805 0.0123756 -0.0603638 -0.0640293 0.0121243 -0.0530619 0.0127054 0.0058433 -0.0288511 -0.0261074 0.0211940 0.0310346 0.6447998 0.0207502 0.0428948 0.0218285 0.0260657 -0.0586379 0.0120595 0.0257967 0.0190907 0.0301704 -0.0066723 -0.0681674 -0.0243687 -0.0358228 -0.0019884 0.0241913 -0.0381756 0.0114619 -0.0333678 0.0365222 0.0249286 0.0171918 0.0201007 0.0149326 0.0369154 0.0204463 -0.0035253 -0.0303745 0.0293321 -0.0288484 -0.0610261 -0.0418184 0.0308640 0.0181117 0.0272615 0.0166425 0.0247530 -0.0371720 -0.0664716 -0.0472476 0.0265051 -0.0678795 -0.0607768
-0.1123205 -0.0359644 0.0051787 0.0346708 -0.0793482 -0.0687394 -0.0735764 0.0277517 0.0429062 0.0225318 -0.0591057 0.0372783 0.0252463 0.0175558 -0.0029954 0.0020330 0.0746161 0.0584325 0.0265674 0.0318859 0.0357588 0.0582402 0.0437133 0.0167638 0.0108940 -0.0759447 -0.0792876 0.0308963 -0.0725154 0.0556180 0.0169139 -0.0613581 -0.0713495 0.0629086 0.0413235 0.0207502 0.6836255 0.0409723 0.0243983 0.0398264 -0.0247887 0.0308812 0.0412988 -0.0115126 0.0382368 -0.0433748 -0.0364082 -0.0408992 -0.0554110 -0.0076952 0.0322144 -0.0591302 0.0216691 -0.0714849 0.0239756 0.0216579 0.0246389 0.0305838 0.0440178 0.0348747 0.0456995 0.0084762 -0.0632842 0.0390549 -0.0706256 -0.0389825 -0.0202607 0.0252552 0.0062823 0.0220025 0.0047767 0.0289725 -0.0181842 -0.0356171 -0.0928661 0.0282787 -0.0993755 -0.1086296
-0.1499789 -0.1239175 0.1895922 0.0735547 -0.0960420 -0.0884422 -0.0576742 0.1008225 0.0075017 0.0376219 -0.0648097 0.0298888 0.0243173 0.0301143 0.0929871 0.0276273 0.0301743 0.0325421 0.0149848 0.0080259 0.0644689 0.0456217 0.0887336 0.0123748 0.0773304 -0.0964530 -0.1032866 0.0263586 -0.0772865 0.0371998 0.0241429 -0.0402764 -0.0731922 0.0209257 0.0391321 0.0428948 0.0409723 0.5619811 0.0398122 0.0479186 -0.0733835 0.0299610 0.1001516 0.0065383 0.0496819 -0.0401038 -0.1239259 -0.0573589 -0.0367390 -0.0223227 0.0643539 -0.0627727 0.0637951 -0.0359711 0.0556795 0.0640289 0.0346096 0.0447511 0.0264887 0.1120861 0.0200362 0.0463449 -0.0148403 0.0735596 -0.0516875 -0.0990417 -0.0390212 0.0675746 0.0385133 0.0541603 0.0056699 0.0123302 -0.0574392 -0.1184222 -0.1156585 0.0394193 -0.1146006 -0.1382278
-0.1194440 -0.0349832 0.0152471 0.0329714 -0.0741665 -0.0679392 -0.0563484 0.0354237 0.0246539 0.0358823 -0.0453030 0.0376623 0.0426572 0.0242989 -0.0029596 0.0437556 0.0441153 0.0258478 0.0360907 0.0333858 0.0336200 0.0299242 0.0352562 0.0425567 0.0157176 -0.0756064 -0.0836416 0.0227928 -0.0589466 0.0175670 0.0406993 -0.0602589 -0.0530813 0.0161462 0.0283780 0.0218285 0.0243983 0.0398122 0.6557882 0.0280717 -0.0295588 0.0302425 0.0289071 0.0092034 0.0387068 -0.0256087 -0.0346541 -0.0476719 -0.0369207 0.0007028 0.0301861 -0.0680957 0.0323802 -0.0735344 0.0392829 0.0247812 0.0284409 0.0310525 0.0373447 0.0383515 0.0231103 -0.0009979 -0.0587724 0.0372969 -0.0750600 -0.0342213 -0.0183343 0.0143633 0.0122976 0.0465040 0.0204841 0.0394764 -0.0534663 -0.0328230 -0.0920842 0.0298052 -0.0959524 -0.1154393
-0.1081275 -0.0408462 0.0464998 0.0317124 -0.0810603 -0.0688794 -0.0526192 0.0401253 0.0217968 0.0239129 -0.0515982 0.0259185 0.0103337 0.0342177 0.0158996 0.0159865 0.0353836 0.0486471 0.0237051 0.0094547 0.0326594 0.0235426 0.0507865 0.0127163 0.0289071 -0.0783981 -0.0816155 0.0356817 -0.0738690 0.0317451 0.0164732 -0.0505910 -0.0575344 0.0232708 0.0471942 0.0260657 0.0398264 0.0479186 0.0280717 0.6270512 -0.0170247 0.0347113 0.0356858 -0.0008978 0.0453558 -0.0335063 -0.0407730 -0.0497967 -0.0344694 -0.0255976 0.0355516 -0.0573945 0.0281437 -0.0540880 0.0307422 0.0404266 0.0336396 0.0502290 0.0411356 0.0437309 0.0253433 0.0175740 -0.0414285 0.0341044 -0.0651653 -0.0257620 -0.0047643 0.0153799 0.0129139 0.0229114 -0.0007461 0.0338684 -0.0476830 -0.0388164 -0.1010240 0.0228331 -0.0896102 -0.1032202
-0.1709370 0.6594645 -0.0830683 -0.0345214 -0.1302837 -0.1327112 -0.1298913 -0.0768378 -0.0372582 -0.0175064 -0.1136436 -0.0335703 -0.0482139 -0.0328705 -0.0867059 -0.0377585 -0.0233971 -0.0239638 -0.0358449 -0.0106790 -0.0295463 -0.0232399 -0.0524283 -0.0290067 0.1430100 -0.1055377 -0.1490588 -0.0299755 -0.1169781 -0.0370325 -0.0458171 -0.1330650 -0.1077900 -0.0410660 -0.0357696 -0.0586379 -0.0247887 -0.0733835 -0.0295588 -0.0170247 0.7927154 -0.0147651 -0.0684247 -0.0565134 -0.0204253 -0.0973526 0.6596377 -0.1247039 -0.1021522 -0.0950131 -0.0125898 -0.1231383 -0.0373283 -0.1540836 -0.0484788 -0.0385525 -0.0181751 -0.0218020 -0.0167843 -0.0835572 -0.0451212 0.2474882 -0.1364077 -0.0689368 -0.1253012 0.6483878 0.4673939 -0.0677361 -0.0336338 -0.0290078 -0.0678753 -0.0330208 -0.1278693 0.6472602 -0.1513324 -0.0321932 -0.1563344 -0.1683735
-0.1097476 -0.0288868 -0.0094151 0.0237369 -0.0864583 -0.0437982 -0.0612706 0.0287471 0.0369080 0.0332231 -0.0535008 0.0440989 0.0355461 0.0331128 -0.0138866 0.0228988 0.0209303 0.0347881 0.0379699 0.0407295 0.0287317 0.0271051 0.0234087 0.0415686 0.0094578 -0.0718729 -0.0835375 0.0455416 -0.0655141 0.0260850 0.0254848 -0.0592250 -0.0623197 0.0337947 0.0149600 0.0120595 0.0308812 0.0299610 0.0302425 0.0347113 -0.0147651 0.6752387 0.0194697 -0.0081577 0.0368810 -0.0427424 -0.0287072 -0.0561371 -0.0418784 -0.0064616 0.0348394 -0.0621491 0.0368440 -0.0743453 0.0389694 0.0244734 0.0370381 0.0426345 0.0260267 0.0341244 0.0435326 0.0006422 -0.0663334 0.0337800 -0.0672538 -0.0067035 -0.0188797 0.0271159 0.0110870 0.0334512 0.0201673 0.0177706 -0.0516282 -0.0271660 -0.0906597 0.0311280 -0.0985600 -0.1064144
-0.1293008 -0.1133559 0.1775320 0.0603787 -0.0765885 -0.0742999 -0.0430744 0.0911005 0.0099213 0.0286358 -0.0614624 0.0207462 0.0158057 0.0309911 0.0887725 0.0118603 0.0249923 0.0215657 0.0129872 0.0058110 0.0632635 0.0305992 0.0828923 0.0094135 0.0688035 -0.0804545 -0.0841837 0.0249108 -0.0660039 0.0404929 0.0204882 -0.0354192 -0.0713779 0.0148539 0.0351736 0.0257967 0.0412988 0.1001516 0.0289071 0.0356858 -0.0684247 0.0194697 0.5486892 0.0000071 0.0428861 -0.0405874 -0.1135028 -0.0551941 -0.0329137 -0.0228867 0.0535671 -0.0492013 0.0559354 -0.0269487 0.0449325 0.0566038 0.0246423 0.0392951 0.0202557 0.0978497 0.0195895 0.0411188 -0.0070941 0.0651059 -0.0396038 -0.0901775 -0.0321905 0.0554236 0.0365025 0.0465599 0.0059668 0.0071022 -0.0519896 -0.1087991 -0.0978485 0.0286448 -0.0914487 -0.1174653
-0.0348334 -0.0759082 -0.0077657 -0.0010088 -0.0500400 0.0045602 -0.0091124 0.0055698 0.0101551 -0.0122548 0.0928555 -0.0160662 0.0167665 0.0289804 -0.0077774 0.0451292 0.0023927 -0.0039780 0.0070404 -0.0073698 -0.0001527 0.0029363 0.0084928 -0.0132340 -0.0192147 -0.0571081 -0.0285418 -0.0012539 -0.0403431 -0.0109632 0.0170006 -0.0342985 0.1124848 -0.0070147 0.0252280 0.0190907 -0.0115126 0.0065383 0.0092034 -0.0008978 -0.0565134 -0.0081577 0.0000071 0.6821631 -0.0061073 0.0880265 -0.0756760 -0.0261212 0.0085219 0.0126879 0.0023776 0.0219510 -0.0044026 0.0068421 -0.0075176 0.0038636 -0.0202888 -0.0149827 -0.0049433 0.0052446 -0.0047664 -0.0323957 -0.0266987 0.0032711 0.0050907 -0.0712233 -0.0508831 0.0152845 0.0019096 0.0028587 -0.0041862 -0.0020988 -0.0211472 -0.0732053 -0.0443549 0.0058492 -0.0385964 -0.0335064
-0.1267395 -0.0186039 0.0524917 0.0358815 -0.0934655 -0.0847117 -0.0735859 0.0438046 0.0221261 0.0364610 -0.0727381 0.0383331 0.0151025 0.0365205 0.0131408 0.0089923 0.0145309 0.0384218 0.0405495 0.0243177 0.0332855 0.0255893 0.0508993 0.0167956 0.0378615 -0.0888770 -0.0942448 0.0413447 -0.0744030 0.0324052 0.0303412 -0.0626614 -0.0673749 0.0201930 0.0422183 0.0301704 0.0382368 0.0496819 0.0387068 0.0453558 -0.0204253 0.0368810 0.0428861 -0.0061073 0.6383314 -0.0479993 -0.0186846 -0.0654083 -0.0501108 -0.0180292 0.0394694 -0.0689207 0.0427760 -0.0710201 0.0450615 0.0519576 0.0380637 0.0368297 0.0325633 0.0539880 0.0295945 0.0240295 -0.0542571 0.0377417 -0.0684541 -0.0055466 -0.0048685 0.0306473 0.0254875 0.0410002 0.0068244 0.0264963 -0.0599677 -0.0158442 -0.1065785 0.0202493 -0.1016822 -0.1189643
0.0599616 -0.1094607 -0.0486778 -0.0317523 0.0030124 0.0605914 0.0617137 -0.0324783 -0.0215664 -0.0383657 0.1798828 -0.0336465 -0.0181731 -0.0131501 -0.0243243 -0.0170483 -0.0317719 -0.0274028 -0.0410156 -0.0455669 -0.0433625 -0.0407933 -0.0439042 -0.0366386 -0.0676717 0.0429487 0.0589515 -0.0431059 0.1177379 -0.0421257 -0.0214761 0.0363061 0.1747335 -0.0162733 -0.0118417 -0.0066723 -0.0433748 -0.0401038 -0.0256087 -0.0335063 -0.0973526 -0.0427424 -0.0405874 0.0880265 -0.0479993 0.6557077 -0.1095319 0.0666344 0.0771642 -0.0137814 -0.0348369 0.0413048 -0.0301692 0.0352158 -0.0353459 -0.0425600 -0.0452858 -0.0325108 -0.0386238 -0.0363480 -0.0253852 -0.0774396 0.0191510 -0.0313021 0.0605408 -0.1073336 -0.0956112 -0.0232519 -0.0259203 -0.0405814 -0.0138394 -0.0266174 0.1127655 -0.1064092 0.1570742 -0.0229653 0.0341599 0.0599424
-0.1607233 0.9907552 -0.1659688 -0.0651834 -0.1391535 -0.1495939 -0.1588486 -0.1316295 -0.0463327 -0.0295594 -0.1218917 -0.0448274 -0.0663186 -0.0328489 -0.1425804 -0.0480363 -0.0439392 -0.0383472 -0.0385566 -0.0228368 -0.0554899 -0.0333481 -0.0900507 -0.0414455 0.1458841 -0.1026729 -0.1644821 -0.0323579 -0.1286034 -0.0602876 -0.0466043 -0.1506241 -0.1075453 -0.0466926 -0.0594446 -0.0681674 -0.0364082 -0.1239259 -0.0346541 -0.0407730 0.6596377 -0.0287072 -0.1135028 -0.0756760 -0.0186846 -0.1095319 1.0028956 -0.1498561 -0.1274928 -0.0989548 -0.0428600 -0.1403507 -0.0708088 -0.1856585 -0.0565900 -0.0663409 -0.0341893 -0.0477670 -0.0279503 -0.1367417 -0.0554631 0.2708273 -0.1707776 -0.1046039 -0.1554711 0.7833928 0.5485331 -0.1004204 -0.0532700 -0.0470180 -0.0704434 -0.0210699 -0.1510665 0.9500976 -0.1565687 -0.0514769 -0.1644093 -0.1671354
0.1508874 -0.1502092 -0.0837947 -0.0413400 0.1012269 0.1035832 0.1024196 -0.0567131 -0.0467427 -0.0425741 0.1227870 -0.0384795 -0.0435671 -0.0638485 -0.0281176 -0.0428852 -0.0449483 -0.0495518 -0.0243006 -0.0436085 -0.0585049 -0.0482798 -0.0609062 -0.0247763 -0.1021754 0.0951538 0.0945101 -0.0398198 0.1304161 -0.0450058 -0.0205463 0.0831988 0.0943075 -0.0305711 -0.0390457 -0.0243687 -0.0408992 -0.0573589 -0.0476719 -0.0497967 -0.1247039 -0.0561371 -0.0551941 -0.0261212 -0.0654083 0.0666344 -0.1498561 0.6736954 0.0865153 0.0272368 -0.0601975 0.0938809 -0.0542444 0.0986600 -0.0537609 -0.0562810 -0.0417980 -0.0312118 -0.0500771 -0.0582624 -0.0346496 -0.1149298 0.1109262 -0.0500963 0.1556038 -0.1364639 -0.1259527 -0.0407201 -0.0481841 -0.0477601 -0.0269055 -0.0417453 0.1633052 -0.1496306 0.1256108 -0.0447953 0.1735442 0.1421242
