0.9011214 2.8879514 0.1423383 0.0332434 -0.0174909 0.1207295 -0.0577312 0.1412336 -0.1651829 0.3459987 -1.4597920 0.0721568 -0.2368252 -0.2069774 0.5584435 -0.3995582 0.2691209 -0.2941669 -0.5746607 -0.2671238 0.1971857 -0.2767561 -0.0602283 0.3016372 0.1887173 -0.2835307 -0.0405904 -0.3160166 0.7630518 -0.3904938 0.2960238 -0.3562648 -0.2156909 -0.4517334 0.2310518 -0.3197826 -0.3778703 0.1901765 -0.9083815 -0.3151395 -0.6414946 -0.3169554 0.0850660 0.2484943 0.1224863 0.2245340 3.0181465 2.1813183 0.5904871 -0.3404866 0.0454515 0.4795357 -0.4310956 -0.1016423 0.1711355 -0.5127014 -0.3673146 -0.7860379 -0.2520492 -0.0137360 -0.2179671 -0.5999607 0.3808826 -0.4965112 0.5754419 4.3761625 0.1415637 -0.3585787 -0.4600942 -0.4628496 0.0499012 0.0274112 0.2697412 0.0091596 0.3495579 -0.0586125 0.1747537 0.0064930
2.8879514 2.0144367 -0.2713350 -0.2354033 0.0009259 0.2192439 -0.1332289 -0.1934877 -0.0957567 -0.1745771 0.4409494 0.1147509 -0.1464800 -0.1543940 -0.1051599 -0.1751942 -0.1253384 -0.1432806 0.6134078 -0.2681071 -0.2849043 -0.0894220 -0.3473658 0.2753317 0.0692969 -0.0478938 -0.0410803 -0.0990266 -0.3413690 -0.2397946 -0.1839246 -0.1554560 -0.1160837 0.0970103 -0.1023661 -0.1609451 0.2831458 -0.1292773 0.3682014 -0.1475947 0.5153314 -0.2815102 -0.1351323 0.1200554 -0.1677814 -0.0475905 2.0868590 0.1245916 -0.1796601 0.0885942 -0.2855482 -0.1616018 -0.2826940 -0.1819971 -0.0422890 -0.2115523 -0.2107712 -0.3706556 -0.2558081 -0.2647811 -0.1774224 -0.1827162 -0.2058375 -0.2442645 -0.1350435 5.1942863 0.2947921 -0.2085231 -0.0280120 -0.3146753 -0.3366327 0.0113909 0.2740146 1.5968312 0.0985658 0.2537450 -0.0166665 0.1186433
0.1423383 -0.2713350 0.6484127 0.1511251 -0.2325794 -0.1692425 -0.0752056 0.1160339 0.0902572 0.1278015 0.4948707 -0.2296415 -0.0088150 -0.0203636 0.1427598 0.2191902 0.0664398 0.1687225 -0.1861922 0.1113844 0.2375100 0.1311456 0.2495912 -0.1226222 0.1708601 -0.1705419 -0.2560066 0.0268523 -0.0613558 0.2161695 0.1984759 -0.0587548 -0.2312628 -0.1476060 -0.0209914 -0.0157420 0.0418287 0.1729612 -0.0109425 0.0588049 -0.0359006 0.0637296 0.1283146 -0.0041887 0.0516068 -0.2110125 -0.2767224 -0.3587112 -0.0344122 -0.0755212 0.2059290 0.0050208 0.2249760 0.0301314 0.0552793 0.1454726 0.0461133 0.1863366 0.1509354 0.3336454 0.0689497 0.0428009 0.0988667 0.1647185 -0.0146033 -2.3046439 0.0513797 0.1378183 0.0381206 0.1991987 0.2192262 -0.1499494 -0.4271489 -0.5016614 -0.4068546 -0.0953611 -0.3220860 -0.2591575
0.0332434 -0.2354033 0.1511251 0.7836503 -0.1912843 -0.1158677 -0.0237174 0.0860561 -0.0035004 0.0523883 0.3241480 -0.1466986 0.0335449 0.0875159 -0.0183712 0.0762522 -0.0012207 0.0326005 -0.1078579 0.0404470 0.1318667 0.0528153 0.1183713 0.0219429 0.0539398 -0.1202575 -0.1744368 0.0446155 0.0360965 0.0640248 0.0699408 -0.0024273 -0.1482159 0.0628117 0.0249151 0.0069782 -0.0286258 0.0803507 -0.0434009 0.0482358 -0.0140075 0.1292627 0.1975650 -0.0172825 0.0388633 -0.0932199 -0.2478842 -0.1931096 -0.0442000 0.0806883 0.1169132 -0.0093563 0.1099795 0.0310474 0.0712875 0.0894234 0.0679358 0.0548974 0.0907221 0.1499208 0.1501467 0.0678852 -0.0215294 0.1021282 0.0232058 -1.5712314 -0.0211890 0.0763695 0.0445357 0.1906799 0.1257204 -0.0729436 -0.2256256 -0.3670311 -0.2164128 -0.0516711 -0.1798872 -0.1065918
-0.0174909 0.0009259 -0.2325794 -0.1912843 0.9570797 0.1226590 0.1134974 -0.0919992 -0.0995444 -0.1524722 -1.1550957 0.2350827 -0.1853988 0.0329512 0.0216416 -0.1183624 -0.2745473 -0.1433029 -0.0660660 -0.1540083 -0.2071773 -0.2309622 -0.1686927 -0.1746017 -0.0890431 0.1624781 0.4087592 -0.0926803 0.2364741 -0.2392574 -0.1598970 0.0316150 1.3751804 -0.0593722 -0.1333148 -0.0606786 -0.0830320 -0.1124016 -0.1785014 -0.0398203 -0.2113903 -0.1272824 -0.1485471 -0.0291734 -0.1962962 0.4185137 0.0189621 0.4493248 0.1786030 0.0742422 -0.1775622 0.2059430 -0.2008158 0.0917186 -0.1625149 -0.1721054 -0.1477959 -0.1747008 -0.1967169 -0.1515369 -0.1473673 -0.1075410 0.0492027 -0.1610217 0.0548209 -4.4427428 -0.3320695 0.0017463 -0.0967709 -0.1747318 -0.2158622 0.1647137 0.5174781 0.3331768 0.4290578 -0.0637857 0.4076425 0.4381817
0.1207295 0.2192439 -0.1692425 -0.1158677 0.1226590 0.8442965 0.2016308 0.0123272 -0.0830383 0.0034463 -1.2405066 0.0704795 -0.0749341 0.1141407 -0.1343848 -0.1322862 -0.0221522 -0.0721293 -0.0155893 -0.0736812 -0.1462370 -0.0594736 -0.1778990 -0.2458857 -0.0530491 1.4462448 0.0892591 -0.2856922 -0.2674798 -0.1719829 -0.1134112 -0.0664709 -0.6685895 -0.0397859 -0.3207865 -0.3122524 0.0057878 -0.0162653 -0.4143848 -0.3270701 -0.1335593 -0.0880928 -0.1162816 0.0487012 -0.2997013 0.7628085 0.2540832 0.1718389 0.3761162 -0.0183575 -0.3946028 -0.0102363 -0.1557134 -0.1377522 -0.0878557 -0.1884455 -0.3622352 -0.0755239 -0.0697134 -0.1488694 0.0079156 -0.1272896 0.1180644 -0.0798770 0.2476147 3.6790507 -0.0015563 0.0084491 0.0128802 -0.0695432 -0.1426431 0.1633604 0.3846821 0.6592920 0.2430937 0.0514461 0.2418057 0.1087679
-0.0577312 -0.1332289 -0.0752056 -0.0237174 0.1134974 0.2016308 0.7641560 -0.0480694 -0.1054600 -0.0925075 -0.7311294 0.0352699 -0.1804826 -0.0147679 0.0572186 -0.0682324 -0.1308211 -0.0382780 -0.0121836 -0.0785799 -0.0654678 -0.1175391 -0.0764746 -0.1320181 -0.0987825 0.2055141 0.1719883 -0.1434429 0.0251260 -0.0559683 -0.0808928 0.0639605 0.0828772 0.0241707 -0.1007012 -0.1139541 -0.0231560 -0.0489106 -0.1601465 -0.1120461 0.1334431 -0.1143743 -0.0745360 0.0109657 -0.0986470 0.1102507 -0.1283769 0.0319457 0.0424001 -0.0052254 -0.0630657 0.1242315 -0.0453768 0.0222224 -0.1325882 -0.1231722 -0.0919692 -0.0674379 -0.0773637 -0.1037796 -0.1011585 -0.0841670 0.0110534 -0.0709099 0.0880509 3.1766694 -0.0962503 -0.0581057 -0.0382471 -0.0513921 -0.0296497 -0.0024783 0.2513267 0.1215244 0.2786540 0.0759473 0.2824124 0.3305575
0.1412336 -0.1934877 0.1160339 0.0860561 -0.0919992 0.0123272 -0.0480694 0.7574602 0.0166944 0.0570265 -1.8143550 -0.0643799 0.0417567 -0.0083394 0.0677413 0.0676828 -0.0359593 0.0491905 -0.0982712 -0.0260389 0.1096303 0.0373396 0.1030340 -0.0097733 0.1232495 -0.0380003 -0.1170479 0.0627082 0.0756823 0.0365901 0.0348066 -0.0270949 -0.0540782 -0.1450148 0.0244834 0.0486742 -0.0543711 0.0697766 0.0263465 0.0344943 0.0356882 0.0391980 0.1658825 0.0050338 0.0521758 -0.0786838 -0.2049311 -0.0917876 -0.0927598 -0.0205764 0.0915549 -0.0029411 0.0667683 -0.0024804 0.0797317 0.0820015 -0.0010141 0.0413175 0.0210576 0.1045919 0.0663010 0.0942016 0.0780303 0.0495818 -0.0082579 -1.4839735 -0.0406985 0.1279095 0.0412696 0.0952530 0.0884090 -0.0669582 -0.2129530 -0.3096282 -0.1671191 -0.0889148 -0.1627241 -0.1596629
-0.1651829 -0.0957567 0.0902572 -0.0035004 -0.0995444 -0.0830383 -0.1054600 0.0166944 1.0442426 0.0781535 0.5371523 -0.1031807 0.1465833 -0.0485716 -0.0454317 0.1080534 0.4860472 0.3144888 -0.0760213 0.0957172 0.0501389 0.4096830 0.0715234 -0.0028068 0.0121256 -0.0745877 -0.1616388 0.0921340 -0.1698188 0.0763263 0.1432492 -0.0550792 -0.0815793 0.0501928 0.0710946 -0.0128718 0.0453951 0.0312407 0.2055113 0.3665078 0.0176893 0.0961434 0.0274353 0.0541033 0.0516117 -0.1502622 -0.1005629 -0.3130494 -0.0917146 -0.0471310 0.0379323 -0.0374993 0.0883417 -0.0042896 0.0390631 0.0923721 0.0763844 0.1150616 0.1036114 0.0861894 0.0547606 0.0143942 -0.0706488 0.1143023 -0.1556788 -2.2359679 -0.0721209 0.0198564 0.0302376 0.0545789 0.1062616 -0.0537022 -0.2637576 -0.1994363 -0.2118136 -0.0301888 -0.2157918 -0.1608978
0.3459987 -0.1745771 0.1278015 0.0523883 -0.1524722 0.0034463 -0.0925075 0.0570265 0.0781535 0.7058788 0.3273311 -0.1494748 0.0891915 -0.0121605 0.0031829 0.1616859 0.1263899 0.1325842 -0.0494895 0.1439937 0.1269176 0.0531528 0.1451103 0.0051814 0.0450441 -0.0964374 -0.1410726 0.0208331 -0.0287979 0.1311515 0.1572023 -0.0159308 -0.0944158 -0.0528632 0.0681960 0.0587816 -0.0127586 0.0674502 -0.0679650 0.1065224 -0.0195246 0.0782030 0.0620952 0.0153212 0.0508026 -0.1080840 -0.1606117 -0.2348175 -0.0000724 -0.0680311 0.1050734 -0.0233728 0.1233271 -0.0338301 0.0363279 0.0489688 0.0529209 0.1433007 0.1670022 0.0638851 0.0770710 0.0810168 0.0216066 0.0899012 0.0025012 -1.6307503 0.0359563 0.0004922 0.0503767 0.1089897 0.1180625 -0.0302472 -0.2106654 -0.3626430 -0.1990049 0.0524117 -0.2181723 -0.1514879
-1.4597920 0.4409494 0.4948707 0.3241480 -1.1550957 -1.2405066 -0.7311294 -1.8143550 0.5371523 0.3273311 -0.8191226 -1.4326533 0.2640657 0.5902625 -0.4864255 0.3412281 0.5754645 0.3304805 0.3758593 0.5335823 0.2787178 0.4878300 0.4665096 -0.9736350 0.2790099 -1.5120898 -1.1414949 0.2841382 -1.0173675 0.4552034 0.4648273 0.5213903 -1.2537177 0.5644351 0.2911053 0.3009878 0.6564770 0.2951425 0.3944492 -0.6827612 0.2612100 0.5685318 0.3361447 0.3049577 0.3189301 1.6543664 0.4473781 -1.1317048 -0.7376434 0.8674378 0.3109087 -0.7798080 0.4647500 0.4118589 0.3284300 0.2856946 0.2880995 0.3013961 0.5149028 0.4842176 0.6985789 0.2785679 0.4496455 0.2943121 0.5728858 2.9091249 0.2354022 0.3506004 0.7759134 -0.8600132 0.4861034 0.7610367 -1.1540987 0.6581652 -1.3517065 -0.6705618 -1.1775751 -1.2048049
0.0721568 0.1147509 -0.2296415 -0.1466986 0.2350827 0.0704795 0.0352699 -0.0643799 -0.1031807 -0.1494748 -1.4326533 1.2018579 -0.0302363 -0.0638334 -0.0020100 -0.1797832 -0.0929728 -0.1025978 0.1419572 -0.0179955 -0.2168783 -0.1031727 -0.2129376 0.0935633 -0.1834424 0.1678279 0.3057439 -0.0957968 -0.2144142 -0.1806018 -0.2012491 0.0663541 0.1461693 -0.0187720 -0.1201253 -0.1006953 0.1066967 -0.0751411 -0.0063708 -0.0538838 -0.0117415 -0.0910540 -0.0957425 -0.0297816 -0.1421229 0.2449317 0.0967504 0.3603075 0.0676896 0.0267288 -0.1880548 -0.0266959 -0.1993039 -0.0797973 -0.1380167 -0.1682607 -0.1603523 -0.1541452 -0.1946986 -0.1479338 -0.0840317 -0.1666512 0.0212580 -0.1612140 0.0641693 2.9291778 -0.1330186 0.0120065 0.0561566 -0.1287329 -0.2468047 0.3057131 0.4055728 0.5252721 0.3042111 -0.0141044 0.2668102 0.1694017
-0.2368252 -0.1464800 -0.0088150 0.0335449 -0.1853988 -0.0749341 -0.1804826 0.0417567 0.1465833 0.0891915 0.2640657 -0.0302363 1.2080442 -0.0088340 -0.1398364 0.0747003 0.1384408 0.0096621 0.0328223 0.0751478 0.0508549 0.0848325 0.0367727 -0.0296584 0.0219894 -0.1565583 -0.1894477 0.4520195 -0.0700322 0.0220868 0.0835495 -0.0649315 -0.1104671 -0.1916084 0.3070254 0.3915377 0.0211710 0.0392099 0.0067486 0.0952003 0.0036420 0.0493816 0.0626452 0.0587541 0.3874341 -0.1091334 -0.1499352 -0.1829095 -0.0794520 -0.0858270 -0.0053124 -0.0850086 0.0728177 -0.0740251 0.2856695 0.2939301 0.3870143 0.0364667 0.0773169 0.0678949 0.0340859 -0.0326584 -0.1168723 0.0442553 -0.0659194 -2.3154716 -0.0550588 0.0038096 0.0975954 0.0213069 -0.0111026 -0.0042339 -0.2351244 -0.1896910 -0.2001894 -0.0466112 -0.3084527 -0.1456870
-0.2069774 -0.1543940 -0.0203636 0.0875159 0.0329512 0.1141407 -0.0147679 -0.0083394 -0.0485716 -0.0121605 0.5902625 -0.0638334 -0.0088340 0.8554679 -0.0308221 -0.0636827 -0.0025355 -0.0339058 0.0019883 0.0370730 0.0242944 -0.0200986 0.0129541 0.0728479 -0.0334872 0.0109084 0.0434503 0.0399579 0.0081949 0.0169193 -0.0478732 0.0335965 0.1034925 0.1895086 -0.0196257 0.0363878 -0.0941902 -0.0137860 -0.0752403 0.0205392 0.0878516 0.1054744 0.0062055 0.0571815 0.0740160 -0.0200200 -0.1491166 -0.0995773 -0.0331085 0.1875636 0.0168678 0.0091089 -0.0026094 -0.0013158 0.0142470 0.0048935 0.0088799 0.0133730 0.0227925 0.0508506 0.1079571 0.0251119 -0.0223476 -0.0201680 -0.0154059 -1.2665880 -0.0201783 -0.0225563 -0.0299773 0.0482211 0.0595525 0.0516287 -0.0523810 0.0539361 -0.0224744 -0.0619483 0.0043385 0.0548697
0.5584435 -0.1051599 0.1427598 -0.0183712 0.0216416 -0.1343848 0.0572186 0.0677413 -0.0454317 0.0031829 -0.4864255 -0.0020100 -0.1398364 -0.0308221 0.6162320 -0.0067472 -0.0258840 0.0314930 -0.0701846 -0.0714084 0.0181156 -0.0065379 0.0172594 -0.0799916 -0.0166109 0.0436535 0.0173726 -0.0915073 -0.1094145 0.0294099 0.0201150 0.0178444 0.0412639 -0.0304727 -0.0423704 -0.0914042 -0.0900610 -0.0048042 -0.0723719 -0.0290329 -0.1177622 -0.0536283 0.0100880 0.0521700 -0.0628798 0.1084975 -0.0977979 0.1533686 0.0432424 -0.0095376 0.0141237 0.0769811 -0.0304036 0.0592261 -0.0637823 -0.0212186 -0.0867320 -0.0048573 -0.0380646 0.0595496 -0.0519450 -0.0157082 0.1564234 -0.0319830 -0.0134094 1.1189805 -0.0025424 0.0106999 -0.0490447 0.0081317 0.0010385 0.0147939 0.0151377 -0.0992014 -0.0138731 -0.0789809 0.1046616 0.0088409
-0.3995582 -0.1751942 0.2191902 0.0762522 -0.1183624 -0.1322862 -0.0682324 0.0676828 0.1080534 0.1616859 0.3412281 -0.1797832 0.0747003 -0.0636827 -0.0067472 0.7153730 0.0912244 0.1579803 -0.1519617 0.1258731 0.1769370 0.0694413 0.1536232 -0.0527559 0.0703535 -0.2047464 -0.2339701 0.1078882 0.0042837 0.2345276 0.1586778 -0.0623202 -0.1604110 -0.1635852 0.0317032 0.1164384 0.0743162 0.0969354 0.0042494 0.0978227 -0.0946914 0.0592462 0.0918568 0.0068810 0.1037469 -0.1476291 -0.1717843 -0.2711020 -0.0493315 -0.0986264 0.1614904 -0.0547152 0.1845085 -0.0277209 0.0642633 0.0948784 0.0913623 0.1248672 0.1395815 0.1913173 0.0630298 0.0394851 0.0209260 0.1963483 -0.0376507 -1.7776555 0.0064404 0.0704227 0.0106446 0.1329559 0.1452812 -0.0940568 -0.3163208 -0.3282913 -0.3017317 -0.0394533 -0.2529035 -0.2232729
0.2691209 -0.1253384 0.0664398 -0.0012207 -0.2745473 -0.0221522 -0.1308211 -0.0359593 0.4860472 0.1263899 0.5754645 -0.0929728 0.1384408 -0.0025355 -0.0258840 0.0912244 1.1825622 0.2383988 -0.0177968 0.0602900 0.0430457 0.3368608 0.0983378 0.0235248 -0.0057997 -0.1081141 -0.1386734 0.0445731 -0.2582273 0.0880725 0.1032371 -0.0336700 -0.1113513 -0.0287998 0.1020524 0.0622596 -0.0272894 0.0585014 0.0826429 0.3875470 -0.0494648 0.0929028 -0.0048423 -0.0279852 0.1228870 -0.1017766 -0.1236520 -0.1795241 -0.0728914 -0.0603788 0.0661970 -0.0611756 0.0748826 -0.0411931 0.0687052 0.0800294 0.0687195 0.1022192 0.1021700 0.0161249 0.0480350 0.0186409 -0.0574735 0.1067276 -0.0715495 -2.1234841 -0.0980489 0.0014857 0.0868730 0.0722206 0.1151053 -0.0839900 -0.2513728 -0.2674010 -0.1929095 0.0980778 -0.1919238 -0.1771953
-0.2941669 -0.1432806 0.1687225 0.0326005 -0.1433029 -0.0721293 -0.0382780 0.0491905 0.3144888 0.1325842 0.3304805 -0.1025978 0.0096621 -0.0339058 0.0314930 0.1579803 0.2383988 0.8028183 -0.0857873 0.1307592 0.1005167 0.1587114 0.0919027 -0.0413851 0.0255977 -0.0772389 -0.1967943 0.0089054 -0.2299771 0.1518726 0.1643562 -0.0524024 -0.1079119 -0.0470770 0.0525769 0.0214757 0.0596072 0.0375963 0.1106651 0.2162805 0.1008533 0.0643173 0.0252155 0.0694717 0.0636213 -0.1046275 -0.1488039 -0.3542202 -0.1049000 -0.0630603 0.1189173 -0.0144994 0.1835571 -0.0141701 0.0310110 0.0640412 0.0159717 0.1363389 0.1418084 0.1319252 0.1077695 -0.0000554 0.0167307 0.1302722 -0.0862922 -1.9635217 -0.0909835 0.0680337 0.0599762 0.1187294 0.1565876 -0.0742076 -0.2672686 -0.2358361 -0.2053406 -0.0633282 -0.1678712 -0.1506650
-0.5746607 0.6134078 -0.1861922 -0.1078579 -0.0660660 -0.0155893 -0.0121836 -0.0982712 -0.0760213 -0.0494895 0.3758593 0.1419572 0.0328223 0.0019883 -0.0701846 -0.1519617 -0.0177968 -0.0857873 1.0976834 -0.0463673 -0.2215935 -0.1113002 -0.1856596 0.2589342 -0.0807125 0.0341838 0.0938630 -0.0681670 -0.4272076 -0.1829834 -0.1756463 0.0363115 0.2282210 0.0161496 -0.0093294 -0.0625622 0.1870745 -0.0565074 0.1958800 -0.0469363 0.4237766 -0.1149671 -0.0777745 0.1154387 -0.1457839 0.0527697 0.6421416 0.2213588 -0.0973305 0.0396551 -0.0908036 -0.1546272 -0.1515275 -0.0483420 -0.1526704 -0.1722409 -0.1383595 -0.1327228 -0.0751665 -0.1879718 -0.1413548 -0.0746943 -0.0085856 -0.1431693 -0.1121348 4.4846320 0.0714783 -0.1917635 0.0488369 -0.0839487 -0.1862441 -0.0616589 0.0056801 0.8527582 0.1198526 0.2823191 0.0389705 0.1733668
-0.2671238 -0.2681071 0.1113844 0.0404470 -0.1540083 -0.0736812 -0.0785799 -0.0260389 0.0957172 0.1439937 0.5335823 -0.0179955 0.0751478 0.0370730 -0.0714084 0.1258731 0.0602900 0.1307592 -0.0463673 0.8452069 0.0953606 0.0432332 0.1220806 -0.0332609 -0.0200377 -0.1060990 -0.1504268 0.0326789 -0.0966467 0.1478205 0.2164450 -0.0694145 -0.0467654 -0.0903492 0.0395527 -0.0214941 0.0624593 0.0624460 -0.0501678 0.0899888 0.0188951 0.2090778 -0.0263656 -0.0160946 0.0613813 -0.1303683 -0.2528919 -0.2593438 -0.0172725 -0.1139668 0.1053328 -0.0873128 0.1851701 -0.0210709 0.0313707 0.0431433 0.0363125 0.2477969 0.3274409 0.0888135 0.1907289 0.0670852 -0.0584407 0.1192823 -0.0644063 -2.3652914 0.0567237 0.0206434 0.1053562 0.1624716 0.2512404 0.0086362 -0.2128727 -0.3140467 -0.1987123 -0.1573516 -0.2482456 -0.1876047
0.1971857 -0.2849043 0.2375100 0.1318667 -0.2071773 -0.1462370 -0.0654678 0.1096303 0.0501389 0.1269176 0.2787178 -0.2168783 0.0508549 0.0242944 0.0181156 0.1769370 0.0430457 0.1005167 -0.2215935 0.0953606 0.6519885 0.1191801 0.2167676 -0.1041163 0.0779673 -0.1579189 -0.2177027 0.0899018 0.0141437 0.1914332 0.1798210 0.0022872 -0.1422219 -0.0986816 0.1045772 0.0990074 -0.0406579 0.1316222 0.0108650 0.0443448 -0.1666805 0.0971231 0.0668015 -0.0345188 0.1168275 -0.1415793 -0.2934094 -0.1925233 -0.0076594 -0.0732201 0.1471900 -0.0353859 0.1747833 0.0243313 0.1034534 0.0944031 0.1075707 0.1451398 0.1357012 0.1906962 0.0822812 0.0821333 0.0439689 0.1878785 0.0154811 -2.1076710 0.0514936 0.0542814 0.0089906 0.1793611 0.1790173 -0.0695647 -0.3384697 -0.4560035 -0.3159057 -0.0482104 -0.1983912 -0.2537030
-0.2767561 -0.0894220 0.1311456 0.0528153 -0.2309622 -0.0594736 -0.1175391 0.0373396 0.4096830 0.0531528 0.4878300 -0.1031727 0.0848325 -0.0200986 -0.0065379 0.0694413 0.3368608 0.1587114 -0.1113002 0.0432332 0.1191801 0.8791808 0.0989907 0.0434747 0.0505848 -0.1116765 -0.1541787 0.0633547 -0.0035829 0.0714282 0.1121665 -0.0012097 -0.1155053 0.0185513 0.0451622 0.0221835 -0.0029953 0.0668607 0.1370520 0.1883661 -0.0210389 0.0932515 0.0581818 -0.0268368 0.0836506 -0.1222221 -0.1108005 -0.2892243 -0.0715392 -0.0049623 0.0580112 -0.0687950 0.1159184 -0.0176722 0.0652769 0.1028920 0.0828196 0.0637526 0.0776907 0.1309220 0.0349771 0.0487489 -0.0240071 0.0923761 -0.0445260 -1.3235738 -0.0348386 -0.0024647 0.0059903 0.0552957 0.0831770 -0.0233906 -0.2415539 -0.2225948 -0.2188588 0.0372715 -0.2053981 -0.1277222
-0.0602283 -0.3473658 0.2495912 0.1183713 -0.1686927 -0.1778990 -0.0764746 0.1030340 0.0715234 0.1451103 0.4665096 -0.2129376 0.0367727 0.0129541 0.0172594 0.1536232 0.0983378 0.0919027 -0.1856596 0.1220806 0.2167676 0.0989907 0.7032689 -0.0282893 0.1617419 -0.1371911 -0.1808967 0.0741983 -0.0406566 0.1521187 0.1059950 -0.0096533 -0.1060232 -0.0800959 0.0344339 0.0672471 -0.0332189 0.1671507 -0.0279913 0.0974183 -0.0399582 0.1096230 0.0902872 -0.0156752 0.1047177 -0.1795276 -0.3508505 -0.3261596 -0.0127238 -0.0929421 0.1896199 -0.0494975 0.1779978 0.0177325 0.0668758 0.1073507 0.1175739 0.1699264 0.1526360 0.2087349 0.0687176 0.1303105 0.0607647 0.1728371 -0.0218575 -2.1489582 0.0092796 0.0746019 0.0076177 0.2317295 0.1434963 -0.1060650 -0.3501680 -0.4746383 -0.2899803 -0.0637494 -0.2306904 -0.2441704
0.3016372 0.2753317 -0.1226222 0.0219429 -0.1746017 -0.2458857 -0.1320181 -0.0097733 -0.0028068 0.0051814 -0.9736350 0.0935633 -0.0296584 0.0728479 -0.0799916 -0.0527559 0.0235248 -0.0413851 0.2589342 -0.0332609 -0.1041163 0.0434747 -0.0282893 1.3790414 -0.0836062 -0.0700909 -0.1082841 -0.0243024 -0.1024270 0.0197038 -0.0129908 -0.0931765 -0.0122402 0.3281338 0.0018718 0.0339609 0.1245404 -0.0779768 0.2317370 0.0288566 0.2881794 0.1037519 0.0550513 -0.0651114 0.0492240 -0.0807078 0.2648088 -0.1105602 -0.1655711 0.2285126 -0.0289573 -0.1551270 -0.0492403 -0.1458529 -0.0373308 -0.0464197 -0.0720228 -0.0500610 -0.0774080 -0.0449763 0.1884166 -0.0707379 -0.0459122 -0.0359361 -0.1456807 4.6586695 0.0502191 -0.1101775 0.1626553 -0.0569962 -0.0692475 0.0283544 -0.0861869 0.2123397 -0.0404767 0.0862464 -0.1535206 -0.1119032
0.1887173 0.0692969 0.1708601 0.0539398 -0.0890431 -0.0530491 -0.0987825 0.1232495 0.0121256 0.0450441 0.2790099 -0.1834424 0.0219894 -0.0334872 -0.0166109 0.0703535 -0.0057997 0.0255977 -0.0807125 -0.0200377 0.0779673 0.0505848 0.1617419 -0.0836062 0.6507189 -0.1333910 -0.1813475 -0.0109711 0.0226650 0.0230262 0.0654494 -0.0307921 -0.1139593 -0.0595460 -0.0266702 -0.0519848 0.0521406 0.1613312 -0.0180569 -0.0303186 0.0022811 -0.0020758 0.1080367 -0.0184293 0.0023342 -0.1232089 0.0685253 -0.1436426 -0.0526718 -0.0138476 0.0816284 -0.0388599 0.0908932 0.0147439 0.0772613 0.0620344 0.0033387 0.0113906 0.0354421 0.1714224 -0.0460734 0.0723120 0.0800191 0.0629233 -0.0118289 -1.3735574 0.0888341 0.0849971 -0.0056180 0.0937840 0.0540519 -0.1099438 -0.1194321 -0.1586239 -0.1881250 0.0038833 -0.1787178 -0.1184596
-0.2835307 -0.0478938 -0.1705419 -0.1202575 0.1624781 1.4462448 0.2055141 -0.0380003 -0.0745877 -0.0964374 -1.5120898 0.1678279 -0.1565583 0.0109084 0.0436535 -0.2047464 -0.1081141 -0.0772389 0.0341838 -0.1060990 -0.1579189 -0.1116765 -0.1371911 -0.0700909 -0.1333910 0.8519945 0.4411853 -0.1952360 0.0072171 -0.1142705 -0.1576153 0.1249301 0.1850219 0.0146386 -0.1270096 -0.1848161 -0.0115025 -0.1179846 -0.1218650 -0.1050759 0.1445355 -0.1469042 -0.1430272 -0.0145735 -0.2163973 0.2746266 -0.0497054 0.1257095 0.0980733 0.1348421 -0.1689019 0.1147843 -0.1274293 0.0510624 -0.1148371 -0.1313235 -0.1741271 -0.0712990 -0.1325142 -0.1866155 -0.0684270 -0.0613855 0.0044380 -0.1014254 0.0907995 2.5266614 -0.0772491 -0.0245337 -0.0809608 -0.0665247 -0.0894376 0.0244304 0.3519612 0.3690902 0.4182515 0.0222751 0.3926604 0.3088929
-0.0405904 -0.0410803 -0.2560066 -0.1744368 0.4087592 0.0892591 0.1719883 -0.1170479 -0.1616388 -0.1410726 -1.1414949 0.3057439 -0.1894477 0.0434503 0.0173726 -0.2339701 -0.1386734 -0.1967943 0.0938630 -0.1504268 -0.2177027 -0.1541787 -0.1808967 -0.1082841 -0.1813475 0.4411853 0.9702501 -0.1667731 0.1732725 -0.1989828 -0.2241920 0.1243654 0.2367262 0.1085973 -0.1200779 -0.1321955 -0.1222560 -0.1508788 -0.1845014 -0.0931621 -0.1945003 -0.1273026 -0.2008046 -0.0086452 -0.2217963 0.2661315 -0.0306312 0.4313225 0.1359556 0.1071425 -0.2059676 0.1446402 -0.2224760 0.0701018 -0.2133014 -0.2116266 -0.2226749 -0.1741238 -0.2172516 -0.1996992 -0.1376054 -0.0693210 0.0211285 -0.1567802 0.1336459 2.6663063 -0.1727394 -0.0599220 -0.1367573 -0.1635065 -0.1545886 0.1949068 0.4924013 0.3164679 0.5708745 0.1882076 0.4794358 0.5130333
-0.3160166 -0.0990266 0.0268523 0.0446155 -0.0926803 -0.2856922 -0.1434429 0.0627082 0.0921340 0.0208331 0.2841382 -0.0957968 0.4520195 0.0399579 -0.0915073 0.1078882 0.0445731 0.0089054 -0.0681670 0.0326789 0.0899018 0.0633547 0.0741983 -0.0243024 -0.0109711 -0.1952360 -0.1667731 1.0404994 -0.0454834 0.0573275 0.0387706 -0.0433911 -0.1164774 -0.1186711 0.3482006 0.4719638 -0.0470563 0.0559043 0.0338060 0.0504813 -0.0969543 0.0646044 0.1301992 -0.0371778 0.4230033 -0.1352908 -0.1057294 -0.1042357 -0.1005832 -0.0329938 0.0439885 -0.0868009 0.0344330 -0.0541800 0.2992277 0.2515671 0.4123847 0.0106832 0.0528662 0.0847418 0.0542784 -0.0030589 -0.0853999 0.0485781 -0.0430060 -2.2400064 -0.0590451 -0.0220370 0.0817882 0.0128082 0.0166373 -0.0202756 -0.2546756 -0.2097930 -0.1859790 -0.1202407 -0.2518851 -0.1831439
0.7630518 -0.3413690 -0.0613558 0.0360965 0.2364741 -0.2674798 0.0251260 0.0756823 -0.1698188 -0.0287979 -1.0173675 -0.2144142 -0.0700322 0.0081949 -0.1094145 0.0042837 -0.2582273 -0.2299771 -0.4272076 -0.0966467 0.0141437 -0.0035829 -0.0406566 -0.1024270 0.0226650 0.0072171 0.1732725 -0.0454834 0.6899397 0.0516325 0.0506063 -0.0556213 -0.0063846 -0.1449064 -0.0196121 -0.0598250 -0.1397112 -0.1459908 -0.2515374 -0.1890231 -0.2495050 0.0563939 0.0407695 -0.1119963 -0.0304956 -0.1478907 -0.3338960 0.1737940 0.1737221 -0.1822226 0.0242703 0.1711457 -0.0051885 0.2154901 0.0287171 -0.0348501 -0.0799809 0.0357792 0.0036411 -0.0066706 -0.0885072 0.0782037 0.0270104 -0.0020591 0.0502172 0.0492798 0.2715336 0.0005246 -0.1172371 -0.0297737 -0.0206737 -0.1426157 0.1625234 -0.5363407 0.1655841 0.1507573 0.1650528 0.1023859
-0.3904938 -0.2397946 0.2161695 0.0640248 -0.2392574 -0.1719829 -0.0559683 0.0365901 0.0763263 0.1311515 0.4552034 -0.1806018 0.0220868 0.0169193 0.0294099 0.2345276 0.0880725 0.1518726 -0.1829834 0.1478205 0.1914332 0.0714282 0.1521187 0.0197038 0.0230262 -0.1142705 -0.1989828 0.0573275 0.0516325 0.6650646 0.1582335 -0.0598125 -0.1169664 -0.0580988 0.0845766 0.0852358 0.0063711 0.0786481 0.0022839 0.0897390 0.0558783 0.0834242 0.0580625 0.0261243 0.1078492 -0.1737153 -0.2451164 -0.3669022 -0.0466900 -0.0705177 0.1683819 -0.0406580 0.1563444 -0.0226523 0.0663601 0.1302096 0.0288028 0.1664444 0.1506282 0.1646431 0.0736047 0.0467942 0.0313778 0.1751324 -0.0468866 -1.7941581 0.0613517 0.0457343 0.0350693 0.1367106 0.2044571 -0.0822157 -0.3202703 -0.3707179 -0.2668810 -0.1434275 -0.2524932 -0.2243849
0.2960238 -0.1839246 0.1984759 0.0699408 -0.1598970 -0.1134112 -0.0808928 0.0348066 0.1432492 0.1572023 0.4648273 -0.2012491 0.0835495 -0.0478732 0.0201150 0.1586778 0.1032371 0.1643562 -0.1756463 0.2164450 0.1798210 0.1121665 0.1059950 -0.0129908 0.0654494 -0.1576153 -0.2241920 0.0387706 0.0506063 0.1582335 0.7295114 -0.0517733 -0.0804016 -0.1183493 0.0537228 0.0095284 0.0047726 0.0938008 -0.0204353 0.0727739 -0.1136038 0.1327745 0.0530459 -0.0243843 0.0607009 -0.1865020 -0.1937465 -0.1501627 -0.0481258 -0.0493530 0.0995441 -0.0022622 0.2002937 0.0381054 0.0706634 0.0872889 0.0613105 0.1800159 0.2316290 0.1424734 0.0969419 0.0315879 -0.0165506 0.1426585 -0.0329442 -2.3083606 0.0633056 0.0711523 0.0582726 0.1105420 0.2091611 -0.0080169 -0.3200603 -0.3887890 -0.2444023 -0.0472499 -0.2488439 -0.1957158
-0.3562648 -0.1554560 -0.0587548 -0.0024273 0.0316150 -0.0664709 0.0639605 -0.0270949 -0.0550792 -0.0159308 0.5213903 0.0663541 -0.0649315 0.0335965 0.0178444 -0.0623202 -0.0336700 -0.0524024 0.0363115 -0.0694145 0.0022872 -0.0012097 -0.0096533 -0.0931765 -0.0307921 0.1249301 0.1243654 -0.0433911 -0.0556213 -0.0598125 -0.0517733 0.6983212 0.0985914 -0.0563038 -0.0239967 -0.0343732 -0.0940077 -0.0287849 -0.0618057 -0.0261089 0.1353585 -0.0372773 -0.0319275 -0.0017092 -0.0932394 0.1399840 -0.1503876 0.0342576 0.0527875 0.0330034 0.0062883 0.1068859 -0.0291499 0.0653556 -0.0621501 -0.0323203 -0.0222987 -0.0395630 -0.0381063 -0.0826155 -0.0560049 -0.0028216 0.0119994 -0.0315222 0.0673356 -1.4555112 -0.0367983 0.0184678 -0.0767882 -0.0192870 -0.0635935 0.0138058 0.0745577 -0.2309965 0.0737342 0.0894920 0.1713594 0.0767323
-0.2156909 -0.1160837 -0.2312628 -0.1482159 1.3751804 -0.6685895 0.0828772 -0.0540782 -0.0815793 -0.0944158 -1.2537177 0.1461693 -0.1104671 0.1034925 0.0412639 -0.1604110 -0.1113513 -0.1079119 0.2282210 -0.0467654 -0.1422219 -0.1155053 -0.1060232 -0.0122402 -0.1139593 0.1850219 0.2367262 -0.1164774 -0.0063846 -0.1169664 -0.0804016 0.0985914 0.8770498 0.0543184 -0.0668270 -0.0871697 -0.1734007 -0.0811912 -0.0413491 0.0030805 -0.0540482 0.0594125 -0.1061342 -0.0701580 -0.1688193 0.0332666 -0.1003034 0.3545972 0.1238839 0.1545786 -0.1314863 0.1372328 -0.1395602 0.0707009 -0.1190680 -0.1530940 -0.0976131 -0.0699356 -0.0959242 -0.1949263 0.0656378 -0.1042159 -0.0507271 -0.0829103 0.0579052 4.0033336 -0.0340757 -0.0761245 -0.0465749 -0.0924807 -0.0968443 0.1958962 0.2767190 0.0966421 0.4335543 -0.2323286 0.2799913 0.4504066
-0.4517334 0.0970103 -0.1476060 0.0628117 -0.0593722 -0.0397859 0.0241707 -0.1450148 0.0501928 -0.0528632 0.5644351 -0.0187720 -0.1916084 0.1895086 -0.0304727 -0.1635852 -0.0287998 -0.0470770 0.0161496 -0.0903492 -0.0986816 0.0185513 -0.0800959 0.3281338 -0.0595460 0.0146386 0.1085973 -0.1186711 -0.1449064 -0.0580988 -0.1183493 -0.0563038 0.0543184 0.9837215 -0.1225063 -0.1503328 -0.0049848 -0.0702628 0.0057929 -0.0264610 -0.0414960 0.0148992 0.0620383 -0.0629535 -0.0767462 0.1513912 0.0762031 0.1465711 -0.0419221 0.3208409 -0.0589807 -0.0099786 -0.0490453 0.0504907 -0.1865354 -0.1052561 -0.1488834 -0.0434041 -0.0716533 -0.0845196 0.0623361 -0.0104698 -0.0163338 -0.0484537 -0.0697678 4.6424084 -0.0530172 -0.0642039 0.0836367 -0.1014915 -0.1095776 -0.0439054 0.1179369 0.3093775 0.1512351 -0.0885664 0.0775094 0.1760727
0.2310518 -0.1023661 -0.0209914 0.0249151 -0.1333148 -0.3207865 -0.1007012 0.0244834 0.0710946 0.0681960 0.2911053 -0.1201253 0.3070254 -0.0196257 -0.0423704 0.0317032 0.1020524 0.0525769 -0.0093294 0.0395527 0.1045772 0.0451622 0.0344339 0.0018718 -0.0266702 -0.1270096 -0.1200779 0.3482006 -0.0196121 0.0845766 0.0537228 -0.0239967 -0.0668270 -0.1225063 1.0142360 0.3573353 -0.0712690 0.0190285 0.0417698 0.0305232 -0.1331198 0.0585117 0.0935310 -0.0003529 0.3546170 -0.1178077 -0.1111014 -0.1503546 -0.0717403 0.0113128 0.0464919 -0.0719208 0.0314615 -0.0496501 0.2554128 0.1550481 0.3386135 0.1009937 0.0389344 -0.0071828 0.0136623 0.0361355 -0.0600098 0.0667782 -0.1232935 -1.3145530 -0.0575987 -0.0259736 0.0743876 0.0349530 0.0931045 -0.0255067 -0.2695751 -0.2048475 -0.1486717 0.0117788 -0.1694645 -0.1506441
-0.3197826 -0.1609451 -0.0157420 0.0069782 -0.0606786 -0.3122524 -0.1139541 0.0486742 -0.0128718 0.0587816 0.3009878 -0.1006953 0.3915377 0.0363878 -0.0914042 0.1164384 0.0622596 0.0214757 -0.0625622 -0.0214941 0.0990074 0.0221835 0.0672471 0.0339609 -0.0519848 -0.1848161 -0.1321955 0.4719638 -0.0598250 0.0852358 0.0095284 -0.0343732 -0.0871697 -0.1503328 0.3573353 1.2106265 -0.0063923 0.0311760 0.0612506 0.0641837 -0.2016118 0.0653858 0.1048107 -0.0611398 0.3884722 -0.1264766 -0.1670299 -0.1485435 -0.1117848 -0.0398326 0.0853175 -0.1067687 0.0096340 -0.0838579 0.3160084 0.2189322 0.4398305 0.0374394 -0.0057626 -0.0131008 0.0210871 0.0277026 -0.0535829 0.0318170 -0.0653591 -1.8475132 -0.1258398 -0.0005036 0.0655048 -0.0086667 0.0006378 0.0048735 -0.2411278 -0.2096583 -0.1934964 -0.0058976 -0.1659482 -0.1803965
-0.3778703 0.2831458 0.0418287 -0.0286258 -0.0830320 0.0057878 -0.0231560 -0.0543711 0.0453951 -0.0127586 0.6564770 0.1066967 0.0211710 -0.0941902 -0.0900610 0.0743162 -0.0272894 0.0596072 0.1870745 0.0624593 -0.0406579 -0.0029953 -0.0332189 0.1245404 0.0521406 -0.0115025 -0.1222560 -0.0470563 -0.1397112 0.0063711 0.0047726 -0.0940077 -0.1734007 -0.0049848 -0.0712690 -0.0063923 0.8146703 -0.0226333 0.1097005 -0.0042788 0.1938349 -0.0415445 -0.0186079 -0.0376338 -0.0762914 -0.1073451 0.2842603 -0.2009297 -0.1270123 -0.0636066 0.0158119 -0.0754816 0.0510836 -0.0443941 -0.0536941 -0.0384367 -0.0579204 0.0285875 0.0092998 0.0313990 -0.0511764 -0.0405818 -0.0371977 0.0076093 -0.0930023 1.3418707 0.0151635 -0.0056492 -0.0010793 -0.0102281 -0.0099157 -0.0436728 -0.0347034 0.1751572 -0.0844155 -0.0105603 -0.1081552 -0.0572739
0.1901765 -0.1292773 0.1729612 0.0803507 -0.1124016 -0.0162653 -0.0489106 0.0697766 0.0312407 0.0674502 0.2951425 -0.0751411 0.0392099 -0.0137860 -0.0048042 0.0969354 0.0585014 0.0375963 -0.0565074 0.0624460 0.1316222 0.0668607 0.1671507 -0.0779768 0.1613312 -0.1179846 -0.1508788 0.0559043 -0.1459908 0.0786481 0.0938008 -0.0287849 -0.0811912 -0.0702628 0.0190285 0.0311760 -0.0226333 0.6486795 -0.0043559 0.0487230 -0.1292995 0.0451770 0.0824748 0.0151151 0.0580758 -0.0353229 -0.1429082 -0.0507834 -0.0091250 -0.0473547 0.1104989 -0.0366055 0.1230876 0.0361218 0.0513663 0.0748371 0.0534685 0.0484738 0.0793241 0.1593193 0.0094231 0.0612353 0.0657241 0.1158911 -0.0106897 -1.4930329 -0.0522690 0.0233093 0.0158846 0.1756080 0.0821536 -0.0815743 -0.2329981 -0.0081182 -0.2048624 0.0206466 -0.1790086 -0.1172157
-0.9083815 0.3682014 -0.0109425 -0.0434009 -0.1785014 -0.4143848 -0.1601465 0.0263465 0.2055113 -0.0679650 0.3944492 -0.0063708 0.0067486 -0.0752403 -0.0723719 0.0042494 0.0826429 0.1106651 0.1958800 -0.0501678 0.0108650 0.1370520 -0.0279913 0.2317370 -0.0180569 -0.1218650 -0.1845014 0.0338060 -0.2515374 0.0022839 -0.0204353 -0.0618057 -0.0413491 0.0057929 0.0417698 0.0612506 0.1097005 -0.0043559 1.1870500 0.1066943 0.2047390 -0.0411373 0.0677510 0.0681617 0.0439537 -0.1592493 0.3551365 -0.1395527 -0.1169143 -0.0583823 0.0398274 -0.0941006 -0.0067187 -0.0571593 0.0359587 0.0108181 -0.0217984 -0.0223663 -0.0265386 0.0064896 -0.0277349 -0.0232001 -0.1257302 -0.0199393 -0.0920494 3.6235757 0.0789523 -0.0060836 0.0550944 -0.0389309 -0.0709899 -0.1098789 -0.2329169 0.2369264 -0.1707650 0.1170783 -0.2134651 -0.1973846
-0.3151395 -0.1475947 0.0588049 0.0482358 -0.0398203 -0.3270701 -0.1120461 0.0344943 0.3665078 0.1065224 -0.6827612 -0.0538838 0.0952003 0.0205392 -0.0290329 0.0978227 0.3875470 0.2162805 -0.0469363 0.0899888 0.0443448 0.1883661 0.0974183 0.0288566 -0.0303186 -0.1050759 -0.0931621 0.0504813 -0.1890231 0.0897390 0.0727739 -0.0261089 0.0030805 -0.0264610 0.0305232 0.0641837 -0.0042788 0.0487230 0.1066943 0.8128392 -0.0112469 0.0673535 0.0013899 0.0301018 0.0577266 -0.0874363 -0.1522702 -0.1357961 -0.1054443 -0.0448149 0.0833025 -0.0308772 0.0589257 -0.0055736 0.0415717 0.0751458 0.0689594 0.0586893 0.0622888 0.0512755 0.0561853 0.0282458 -0.0883413 0.0814049 -0.0538552 -1.4570793 -0.1108251 -0.0016982 0.0450083 0.0853025 0.0700351 -0.0291690 -0.1960907 -0.1953471 -0.1580915 -0.0657393 -0.1575737 -0.1305801
-0.6414946 0.5153314 -0.0359006 -0.0140075 -0.2113903 -0.1335593 0.1334431 0.0356882 0.0176893 -0.0195246 0.2612100 -0.0117415 0.0036420 0.0878516 -0.1177622 -0.0946914 -0.0494648 0.1008533 0.4237766 0.0188951 -0.1666805 -0.0210389 -0.0399582 0.2881794 0.0022811 0.1445355 -0.1945003 -0.0969543 -0.2495050 0.0558783 -0.1136038 0.1353585 -0.0540482 -0.0414960 -0.1331198 -0.2016118 0.1938349 -0.1292995 0.2047390 -0.0112469 1.1453512 -0.1724636 0.0655192 0.3118493 -0.0952978 -0.0658229 0.4971406 -2.0325472 -0.2718244 -0.1321849 -0.0236676 -0.0268714 0.0434521 -0.2033176 -0.1059021 0.1066072 -0.0689731 -0.0059478 -0.0444050 0.0013948 -0.0880692 0.0275613 0.0217527 -0.1339952 0.0461966 -1.9164426 0.4056469 -0.0405169 -0.1113053 0.0413734 0.0109588 -0.1049361 -0.2244761 0.7247438 -0.1973228 -0.0360242 -0.2653840 0.0327189
-0.3169554 -0.2815102 0.0637296 0.1292627 -0.1272824 -0.0880928 -0.1143743 0.0391980 0.0961434 0.0782030 0.5685318 -0.0910540 0.0493816 0.1054744 -0.0536283 0.0592462 0.0929028 0.0643173 -0.1149671 0.2090778 0.0971231 0.0932515 0.1096230 0.1037519 -0.0020758 -0.1469042 -0.1273026 0.0646044 0.0563939 0.0834242 0.1327745 -0.0372773 0.0594125 0.0148992 0.0585117 0.0653858 -0.0415445 0.0451770 -0.0411373 0.0673535 -0.1724636 0.8157393 0.0842829 0.0158778 0.0454550 -0.1193423 -0.2662772 -0.1192181 0.0145506 0.0114597 0.1066550 -0.0524889 0.1035906 -0.0121366 0.0663306 0.0411131 0.0413255 0.1752688 0.1735511 0.0537062 0.4061753 0.0466716 -0.0614118 0.0866194 -0.0531837 -1.6034222 -0.0425172 0.0117399 0.0525575 0.1047729 0.1832341 0.0457290 -0.1963427 -0.4078150 -0.1750972 -0.0322762 -0.1568190 -0.1403195
0.0850660 -0.1351323 0.1283146 0.1975650 -0.1485471 -0.1162816 -0.0745360 0.1658825 0.0274353 0.0620952 0.3361447 -0.0957425 0.0626452 0.0062055 0.0100880 0.0918568 -0.0048423 0.0252155 -0.0777745 -0.0263656 0.0668015 0.0581818 0.0902872 0.0550513 0.1080367 -0.1430272 -0.2008046 0.1301992 0.0407695 0.0580625 0.0530459 -0.0319275 -0.1061342 0.0620383 0.0935310 0.1048107 -0.0186079 0.0824748 0.0677510 0.0013899 0.0655192 0.0842829 0.8342883 0.0343190 0.1176649 -0.0894508 -0.1425650 -0.1937511 -0.0889395 0.0704819 0.0907847 -0.0116406 0.0694277 0.0322726 0.0953805 0.1152698 0.0748650 0.0283265 0.0249485 0.0810515 0.0633121 0.0833902 0.0465077 0.0420757 -0.0107496 -1.3417286 0.0221372 0.0460659 0.0442699 0.1805171 0.0443304 -0.0821732 -0.2954465 -0.2813105 -0.2275543 0.0036131 -0.1978125 -0.1691754
0.2484943 0.1200554 -0.0041887 -0.0172825 -0.0291734 0.0487012 0.0109657 0.0050338 0.0541033 0.0153212 0.3049577 -0.0297816 0.0587541 0.0571815 0.0521700 0.0068810 -0.0279852 0.0694717 0.1154387 -0.0160946 -0.0345188 -0.0268368 -0.0156752 -0.0651114 -0.0184293 -0.0145735 -0.0086452 -0.0371778 -0.1119963 0.0261243 -0.0243843 -0.0017092 -0.0701580 -0.0629535 -0.0003529 -0.0611398 -0.0376338 0.0151151 0.0681617 0.0301018 0.3118493 0.0158778 0.0343190 0.7859282 0.0191091 -0.0026143 0.1225056 -0.1592308 -0.0220652 -0.0530947 -0.0103654 -0.0019245 -0.0373554 -0.0098578 -0.0161959 0.0220657 -0.0347453 -0.0084485 0.0016721 -0.0031460 0.0138838 0.0187163 -0.0325059 -0.0332587 -0.0527535 -1.3541081 0.0456455 -0.0376661 -0.0410302 0.0326082 0.0102898 -0.0015112 -0.0855869 0.0287220 -0.0483031 0.1215456 -0.0722728 -0.0344496
0.1224863 -0.1677814 0.0516068 0.0388633 -0.1962962 -0.2997013 -0.0986470 0.0521758 0.0516117 0.0508026 0.3189301 -0.1421229 0.3874341 0.0740160 -0.0628798 0.1037469 0.1228870 0.0636213 -0.1457839 0.0613813 0.1168275 0.0836506 0.1047177 0.0492240 0.0023342 -0.2163973 -0.2217963 0.4230033 -0.0304956 0.1078492 0.0607009 -0.0932394 -0.1688193 -0.0767462 0.3546170 0.3884722 -0.0762914 0.0580758 0.0439537 0.0577266 -0.0952978 0.0454550 0.1176649 0.0191091 1.1354184 -0.1883141 -0.1787203 -0.2080188 -0.0616889 -0.0481701 0.0765922 -0.0691870 0.1043565 -0.0320916 0.3133320 0.3191276 0.3896919 0.0505999 0.0832973 0.0687584 0.0440468 0.0004816 -0.0564755 0.0547845 -0.0695649 -2.3383639 -0.0635394 -0.0248966 0.1276464 0.0625902 0.0711993 -0.0199859 -0.2934189 -0.2674262 -0.2380508 -0.1296866 -0.2485250 -0.2270115
0.2245340 -0.0475905 -0.2110125 -0.0932199 0.4185137 0.7628085 0.1102507 -0.0786838 -0.1502622 -0.1080840 1.6543664 0.2449317 -0.1091334 -0.0200200 0.1084975 -0.1476291 -0.1017766 -0.1046275 0.0527697 -0.1303683 -0.1415793 -0.1222221 -0.1795276 -0.0807078 -0.1232089 0.2746266 0.2661315 -0.1352908 -0.1478907 -0.1737153 -0.1865020 0.1399840 0.0332666 0.1513912 -0.1178077 -0.1264766 -0.1073451 -0.0353229 -0.1592493 -0.0874363 -0.0658229 -0.1193423 -0.0894508 -0.0026143 -0.1883141 0.8630671 -0.0420850 0.4855667 0.2224540 0.0150430 -0.1600717 0.1266160 -0.1311003 0.1425443 -0.1709898 -0.1682638 -0.1625761 -0.1589784 -0.1620362 -0.1525189 -0.0298246 -0.0996366 0.0511422 -0.1421837 0.1842905 -3.7184513 -0.0858072 -0.0002067 -0.0703771 -0.2166750 -0.1569370 0.1000907 0.3423538 0.3565723 0.3441767 -0.0156195 0.3997403 0.2499479
3.0181465 2.0868590 -0.2767224 -0.2478842 0.0189621 0.2540832 -0.1283769 -0.2049311 -0.1005629 -0.1606117 0.4473781 0.0967504 -0.1499352 -0.1491166 -0.0977979 -0.1717843 -0.1236520 -0.1488039 0.6421416 -0.2528919 -0.2934094 -0.1108005 -0.3508505 0.2648088 0.0685253 -0.0497054 -0.0306312 -0.1057294 -0.3338960 -0.2451164 -0.1937465 -0.1503876 -0.1003034 0.0762031 -0.1111014 -0.1670299 0.2842603 -0.1429082 0.3551365 -0.1522702 0.4971406 -0.2662772 -0.1425650 0.1225056 -0.1787203 -0.0420850 2.0093813 0.1345084 -0.1748650 0.0867257 -0.2910210 -0.1565648 -0.2977995 -0.1771660 -0.0500006 -0.2318767 -0.2249403 -0.3689570 -0.2477648 -0.2673249 -0.1804152 -0.1736384 -0.2016864 -0.2556260 -0.1304697 5.1748691 0.2928352 -0.2099924 -0.0231967 -0.3199277 -0.3205285 0.0127232 0.2881342 1.5839001 0.1242928 0.2320223 -0.0109671 0.1355811
2.1813183 0.1245916 -0.3587112 -0.1931096 0.4493248 0.1718389 0.0319457 -0.0917876 -0.3130494 -0.2348175 -1.1317048 0.3603075 -0.1829095 -0.0995773 0.1533686 -0.2711020 -0.1795241 -0.3542202 0.2213588 -0.2593438 -0.1925233 -0.2892243 -0.3261596 -0.1105602 -0.1436426 0.1257095 0.4313225 -0.1042357 0.1737940 -0.3669022 -0.1501627 0.0342576 0.3545972 0.1465711 -0.1503546 -0.1485435 -0.2009297 -0.0507834 -0.1395527 -0.1357961 -2.0325472 -0.1192181 -0.1937511 -0.1592308 -0.2080188 0.4855667 0.1345084 1.2410241 0.2174550 0.1063261 -0.2238861 0.0300291 -0.3509021 0.1754931 -0.2022905 -0.2418422 -0.1913895 -0.3840868 -0.2650203 -0.2973796 -0.1746320 -0.2646642 -0.0074950 -0.2127965 0.0657704 2.9376116 -0.2297487 -0.1109847 -0.0425806 -0.3693663 -0.3095232 0.1312617 0.6142625 0.4862823 0.5948688 0.0945325 0.6342549 0.5124171
