1.4561048 1.3733498 1.4204443 0.0010011 -0.1195874 -0.1560664 -0.0879258 0.0519810 -0.1912796 -0.0876870 -0.1636570 -0.1647289 -0.1411674 -0.0667014 0.5397973 -0.1036278 -0.1683672 -0.1346557 -0.1569947 -0.1826780 -0.0129411 -0.0925452 0.0439479 -0.1945598 0.1706739 -0.1618310 -0.1752814 -0.1195798 -0.0986289 -0.0885196 -0.1308446 -0.0446434 -0.1467884 -0.1436926 -0.0698823 -0.0858316 -0.1117996 82.3787537 -0.1307600 -0.0683287 -0.1017565 -0.1293602 14.9545403 -0.0832804 -0.0412182 -0.0865991 1.3642716 -0.1607752 -0.0819330 -0.1644978 0.0051459 -0.0629507 0.0075340 -0.0214590 -0.0345978 0.0043657 -0.0934558 -0.0612728 -0.1083753 11.0822973 -0.1634999 41.2630348 -66.7904053 0.0077179 -0.0518706 -0.1525317 -0.0200737 0.0007178 -0.0757258 -0.0923613 -0.1374132 -0.1632978 -0.2546726 -0.1947114 -0.1906835 -0.0747578 -0.1604105 -0.1867596
1.3733498 2.1822417 2.1199050 -0.0228803 -0.1998684 -0.2452707 -0.1719834 0.0482305 -0.2660599 -0.1520736 -0.2465107 -0.2551614 -0.2231218 -0.1210683 0.7877727 -0.1732521 -0.2574722 -0.2044734 -0.2050185 -0.2777302 -0.0354169 -0.1427090 0.0412834 -0.2451061 0.2085283 -0.2230286 -0.2213342 -0.1800701 -0.1546048 -0.1472058 -0.1977078 -0.0662917 -0.2335329 -0.2138217 -0.1289611 -0.1444408 -0.1841220 0.0712444 -0.1596890 -0.1356564 -0.1467777 -0.2110241 0.0328856 -0.1227894 -0.0939794 -0.1542850 2.4755340 -0.2231832 -0.1196080 -0.2339075 0.0008297 -0.0663970 -0.0349378 -0.0256178 -0.0694653 -0.0367644 -0.1611780 -0.1098305 -0.1796577 0.0656196 -0.2444334 -0.0094982 -0.0248935 -0.0380638 -0.1070255 -0.2442023 -0.0581747 -0.0197157 -0.1294251 -0.0210512 -0.2179763 -0.2494589 -0.3621105 -0.2884753 -0.2677886 -0.1256148 -0.2243097 -0.2609456
1.4204443 2.1199050 2.2820163 -0.0109996 -0.2069595 -0.2618756 -0.1575986 0.0700934 -0.2824860 -0.1581882 -0.2646665 -0.2784370 -0.2354552 -0.1187426 0.8067935 -0.1871161 -0.2747985 -0.2340109 -0.2358505 -0.2981996 -0.0278556 -0.1721058 0.0654243 -0.2619812 0.2471925 -0.2376630 -0.2356165 -0.2054585 -0.1791890 -0.1408039 -0.2136655 -0.0625236 -0.2507080 -0.2417915 -0.1299855 -0.1471510 -0.1906135 0.0788649 -0.1679975 -0.1356528 -0.1548622 -0.2289495 0.0763466 -0.1233752 -0.0900066 -0.1631439 2.1015480 -0.2387235 -0.1208548 -0.2462479 0.0231878 -0.1156602 -0.0054276 -0.0103965 -0.0846187 -0.0093387 -0.1621684 -0.1121956 -0.1898490 0.1136068 -0.2830845 0.0481549 0.0256342 -0.0115483 -0.1043942 -0.2527311 -0.0540187 -0.0062323 -0.1314106 0.1984921 -0.2318427 -0.2692120 -0.3880795 -0.3097654 -0.2833330 -0.1325876 -0.2591335 -0.2766472
0.0010011 -0.0228803 -0.0109996 0.8083642 -0.0132020 -0.0230306 -0.0070801 0.0886676 -0.0300776 -0.0106605 -0.0234138 -0.0291249 -0.0273151 -0.0000623 -0.0104789 -0.0104126 -0.0299285 -0.0126781 -0.0283760 -0.0367496 0.0350317 -0.0070738 0.1980309 -0.0282202 0.0715983 -0.0256677 -0.0123323 -0.0123125 -0.0039135 -0.0015821 -0.0130113 0.0216029 -0.0220623 -0.0244304 -0.0035622 0.0050312 -0.0120056 0.1699836 -0.0047078 -0.0050186 -0.0023708 -0.0165733 0.1169473 0.0034303 0.0092177 0.0045137 -0.0173862 -0.0232493 -0.0095254 -0.0148807 0.0318534 0.0087964 0.0346761 0.0544543 0.0357179 0.0384483 -0.0064149 0.0040571 -0.0086779 0.1020052 -0.0208745 0.0456620 0.0336190 0.0396168 0.0085388 -0.0297248 0.0278144 0.0348390 0.0079556 0.0219707 -0.0090544 -0.0208777 -0.0476181 -0.0391454 -0.0286834 0.0041631 -0.0290716 -0.0286318
-0.1195874 -0.1998684 -0.2069595 -0.0132020 1.0520962 0.0598188 0.0313936 -0.0503943 0.0671495 0.0320795 0.0577917 0.0576442 0.0540011 0.0248057 -0.0618398 0.0338094 0.0616777 0.0559655 0.0450854 0.0627527 -0.0098544 0.0287303 -0.0753034 0.0586819 -0.0708708 0.0501729 0.0514198 0.0418132 0.0342132 0.0381081 0.0438159 0.0032081 0.0537387 0.0482908 0.0209548 0.0277100 0.0403282 -0.0404525 0.0300754 0.0208517 0.0396741 0.0467565 -0.0381513 0.0207179 0.0096628 0.0303166 -0.1942408 0.0595813 0.0245917 0.0519214 -0.0161712 0.0162761 -0.0113320 -0.0070416 0.0051892 -0.0121291 0.0346646 0.0146763 0.0414996 -0.0627268 0.0541908 -0.0228921 -0.0332717 -0.0174304 0.0164142 0.0526118 -0.0029613 -0.0134420 0.0233324 0.0053182 0.0445135 0.0573860 0.0754116 0.0681095 0.0641346 0.0265518 0.0571884 0.0608727
-0.1560664 -0.2452707 -0.2618756 -0.0230306 0.0598188 1.1315414 0.0347120 -0.0763969 0.0889473 0.0317659 0.0857168 0.0900464 0.0657053 0.0241054 -0.0710550 0.0433570 0.0803222 0.0620517 0.0655313 0.0848550 -0.0182027 0.0426911 -0.0657166 0.0731077 -0.1057187 0.0638871 0.0760161 0.0517535 0.0478630 0.0409565 0.0632811 -0.0028485 0.0764730 0.0681024 0.0236248 0.0374092 0.0466991 -0.0648110 0.0398583 0.0242004 0.0379435 0.0658448 -0.0822849 0.0225427 0.0076100 0.0375256 -0.2387336 0.0704307 0.0267932 0.0739067 -0.0329001 0.0258876 -0.0280165 -0.0259858 0.0049336 -0.0294984 0.0368585 0.0141717 0.0470981 -0.0953471 0.0888319 -0.0880592 -0.0541710 -0.0344859 0.0161371 0.0706241 -0.0084950 -0.0253597 0.0292571 -0.0041982 0.0730983 0.0798581 0.1193459 0.0929531 0.0860033 0.0342839 0.0799762 0.0802918
-0.0879258 -0.1719834 -0.1575986 -0.0070801 0.0313936 0.0347120 0.9810709 -0.0213036 0.0397374 0.0221252 0.0367791 0.0429341 0.0328981 0.0163366 -0.0497101 0.0342286 0.0458914 0.0337416 0.0300416 0.0356260 0.0089849 0.0208834 -0.0471795 0.0374233 -0.0356804 0.0310493 0.0317419 0.0305777 0.0213352 0.0249292 0.0235896 0.0039130 0.0286303 0.0363660 0.0123117 0.0223619 0.0259308 0.0102323 0.0230759 0.0201563 0.0280087 0.0287286 -0.0044303 0.0181575 0.0072963 0.0264888 -0.1468602 0.0295825 0.0172952 0.0344597 0.0092985 0.0137471 -0.0075557 0.0064183 0.0075482 -0.0060256 0.0199886 0.0139784 0.0262778 -0.0228955 0.0376771 -0.0083924 -0.0132803 -0.0009367 0.0136271 0.0316801 0.0046382 0.0116899 0.0216075 0.0088856 0.0298910 0.0284672 0.0375728 0.0352218 0.0283059 0.0239400 0.0327733 0.0338346
0.0519810 0.0482305 0.0700934 0.0886676 -0.0503943 -0.0763969 -0.0213036 0.8227484 -0.0843164 -0.0212023 -0.0808182 -0.0902187 -0.0622520 -0.0029489 0.0061405 -0.0447021 -0.0824052 -0.0624251 -0.0600777 -0.0936584 0.0782056 -0.0276356 0.1544803 -0.0762123 0.1565322 -0.0685009 -0.0652551 -0.0427713 -0.0355351 -0.0195165 -0.0380728 0.0255855 -0.0698991 -0.0670755 -0.0144492 -0.0484194 -0.0412996 0.2384146 -0.0147912 -0.0150417 -0.0223474 -0.0558951 0.2647100 0.0031041 0.0253315 -0.0249251 0.0538094 -0.0666409 -0.0158570 -0.0721732 0.0963474 -0.0080197 0.0621669 -0.4006735 0.0195699 0.0732629 -0.0208927 0.0081795 -0.0363839 0.2309739 -0.0873540 0.3101073 0.1388811 0.2229068 -0.0051477 -0.0753557 0.0218283 0.0810617 -0.0081182 -0.0133897 -0.0618059 -0.0764539 -0.1247749 -0.1028825 -0.0842215 -0.0160952 -0.0810047 -0.0833453
-0.1912796 -0.2660599 -0.2824860 -0.0300776 0.0671495 0.0889473 0.0397374 -0.0843164 1.1754173 0.0358221 0.0912302 0.0948061 0.0761906 0.0180424 -0.0814909 0.0495876 0.0893634 0.0711746 0.0725298 0.0974589 -0.0253762 0.0416737 -0.0724074 0.0814620 -0.1221012 0.0737554 0.0769524 0.0557685 0.0489903 0.0411602 0.0610424 -0.0048420 0.0880039 0.0809517 0.0174893 0.0346666 0.0542416 -0.1132400 0.0405158 0.0258306 0.0342912 0.0652838 -0.0867546 0.0234909 0.0038142 0.0410713 -0.2605857 0.0797076 0.0290137 0.0817009 -0.0391477 0.0238255 -0.0266659 -0.0322309 0.0044606 -0.0320715 0.0339048 0.0089185 0.0531351 -0.1147668 0.0982252 -0.0782731 -0.0304633 -0.0412230 0.0140805 0.0757736 -0.0139313 -0.0271826 0.0298718 -0.0096285 0.0783636 0.0919207 0.1283054 0.1031574 0.0905470 0.0388239 0.0888986 0.0896188
-0.0876870 -0.1520736 -0.1581882 -0.0106605 0.0320795 0.0317659 0.0221252 -0.0212023 0.0358221 0.9764307 0.0351971 0.0353926 0.0351067 0.0194488 -0.0467376 0.0284817 0.0343602 0.0329236 0.0348658 0.0397109 0.0048340 0.0161590 -0.0177414 0.0321053 -0.0397046 0.0319973 0.0310421 0.0311508 0.0184892 0.0236947 0.0293063 0.0092368 0.0340389 0.0375953 0.0192551 0.0167937 0.0292504 0.0241046 0.0238727 0.0217787 0.0240785 0.0290279 -0.0216101 0.0388083 0.0143496 0.0178896 -0.1479001 0.0338901 0.0206251 0.0347836 0.0028531 0.0167749 -0.0044279 0.0023483 0.0068308 -0.0005857 0.0236751 0.0178852 0.0245745 -0.0229806 0.0360715 -0.0016853 -0.0148383 -0.0034211 0.0119109 0.0392292 -0.0004691 -0.0005651 0.0161283 0.0045650 0.0299926 0.0334503 0.0420263 0.0427178 0.0402994 0.0169707 0.0321010 0.0371809
-0.1636570 -0.2465107 -0.2646665 -0.0234138 0.0577917 0.0857168 0.0367791 -0.0808182 0.0912302 0.0351971 1.1462508 0.0956822 0.0647832 0.0210212 -0.0875427 0.0482045 0.0852508 0.0604984 0.0653116 0.0954267 -0.0209827 0.0420873 -0.0638584 0.0772279 -0.1160160 0.0708957 0.0770661 0.0636129 0.0417077 0.0326438 0.0595098 -0.0006184 0.0744138 0.0703653 0.0151587 0.0270858 0.0489825 -0.0734361 0.0368025 0.0234370 0.0320954 0.0641008 -0.0794323 0.0137583 0.0072293 0.0361056 -0.2411225 0.0760003 0.0251230 0.0826886 -0.0385464 0.0241580 -0.0302073 -0.0300003 0.0085611 -0.0287181 0.0394207 0.0103768 0.0495704 -0.0981393 0.0925771 -0.0890635 -0.0457687 -0.0320156 0.0126838 0.0756242 -0.0102849 -0.0308582 0.0263438 -0.0003534 0.0753613 0.0892993 0.1314636 0.0994791 0.0933640 0.0371855 0.0791444 0.0814757
-0.1647289 -0.2551614 -0.2784370 -0.0291249 0.0576442 0.0900464 0.0429341 -0.0902187 0.0948061 0.0353926 0.0956822 1.1601478 0.0821640 0.0176900 -0.0814819 0.0610262 0.0929528 0.0721322 0.0792941 0.0998262 -0.0240787 0.0408485 -0.0788998 0.0864563 -0.1260870 0.0698361 0.0738880 0.0629254 0.0478537 0.0372228 0.0579130 -0.0068772 0.0777941 0.0768021 0.0162089 0.0309166 0.0532879 -0.0789783 0.0428728 0.0238914 0.0349533 0.0710915 -0.0827667 0.0245729 0.0008342 0.0398892 -0.2496743 0.0747000 0.0265206 0.0844382 -0.0456322 0.0233001 -0.0340131 -0.0326331 -0.0018686 -0.0262146 0.0375215 0.0142154 0.0499465 -0.1077007 0.1053995 -0.1045056 -0.0572309 -0.0408568 0.0126372 0.0811799 -0.0150475 -0.0288901 0.0310509 -0.0073081 0.0848579 0.0866720 0.1341772 0.1074190 0.0938095 0.0321620 0.0888744 0.0913869
-0.1411674 -0.2231218 -0.2354552 -0.0273151 0.0540011 0.0657053 0.0328981 -0.0622520 0.0761906 0.0351067 0.0647832 0.0821640 1.0956928 0.0224617 -0.0649210 0.0421655 0.0788534 0.0633576 0.0612759 0.0817096 -0.0075849 0.0348372 -0.0500193 0.0656964 -0.0976387 0.0685062 0.0546031 0.0491372 0.0357875 0.0266425 0.0512904 -1.9770842 0.0652518 0.0648036 0.0177955 0.0237137 0.0430349 -0.0608894 0.0410420 0.0262657 0.0309394 0.0570555 -0.0640255 0.0213153 0.0068713 0.0346553 -0.2181454 0.0708930 0.0311028 0.0648688 -0.0208665 0.0207844 -0.0209936 -0.0240127 -0.0008975 -0.0179192 0.0358452 0.0153966 0.0420559 -0.0825823 0.0713154 -0.0476785 -0.0398303 -0.0292680 0.0175470 0.0686739 -0.0124975 -0.0171725 0.0206155 -0.0006813 0.0660352 0.0709280 0.0954980 0.0875730 0.0717698 0.0301927 0.0647338 0.0720418
-0.0667014 -0.1210683 -0.1187426 -0.0000623 0.0248057 0.0241054 0.0163366 -0.0029489 0.0180424 0.0194488 0.0210212 0.0176900 0.0224617 0.9229666 -0.0409259 0.0178766 0.0202770 0.0208914 0.0202726 0.0229244 0.0062198 0.0191963 -0.0306110 0.0221207 -0.0159641 0.0229661 0.0152882 0.0175068 0.0163054 0.0251488 0.0220711 0.0102593 0.0253112 0.0257080 0.0152848 0.0136516 0.0222837 0.0151870 0.0149970 0.0160068 0.0273190 0.0169837 0.0114162 0.0170462 0.0151626 0.0179195 -0.1139929 0.0188036 0.0201287 0.0207534 0.0107164 0.0142780 0.0058258 0.0126398 0.0080744 0.0098562 0.0159828 0.0189125 0.0152119 -0.0002640 0.0128432 0.0291227 -0.0014753 0.0029781 0.0137416 0.0290371 0.0048303 0.0065475 0.0117349 0.0149510 0.0151144 0.0203322 0.0141878 0.0241201 0.0257854 0.0172254 0.0218029 0.0172781
0.5397973 0.7877727 0.8067935 -0.0104789 -0.0618398 -0.0710550 -0.0497101 0.0061405 -0.0814909 -0.0467376 -0.0875427 -0.0814819 -0.0649210 -0.0409259 0.9554334 -0.0562181 -0.0806145 -0.0668222 -0.0664791 -0.0884169 -0.0104957 -0.0588824 -0.0081170 -0.0784886 0.0531718 -0.0743312 -0.0697478 -0.0632544 -0.0551937 -0.0477651 -0.0510832 -0.0216662 -0.0688463 -0.0706643 -0.0433670 -0.0400847 -0.0613453 0.0101130 -0.0504184 -0.0420147 -0.0397867 -0.0666765 0.0199310 -0.0419685 -0.0296884 -0.0460933 0.7795125 -0.0659287 -0.0343470 -0.0779317 -0.0030192 -0.0355112 -0.0050465 -0.0119679 -0.0290773 -0.0122822 -0.0558856 -0.0344556 -0.0593013 0.0135907 -0.0781231 -0.0078992 0.0104146 -0.0214939 -0.0279630 -0.0776116 -0.0252558 0.0010813 -0.0425331 -0.0140977 -0.0676522 -0.0826859 -0.1202128 -0.0916998 -0.0858676 -0.0283382 -0.0773129 -0.0845406
-0.1036278 -0.1732521 -0.1871161 -0.0104126 0.0338094 0.0433570 0.0342286 -0.0447021 0.0495876 0.0284817 0.0482045 0.0610262 0.0421655 0.0178766 -0.0562181 1.0080737 0.0503626 0.0439263 0.0487964 0.0538915 -0.0033746 0.0285339 -0.0313900 0.0445275 -0.0585682 0.0440008 0.0474499 0.0412667 0.0291164 0.0277931 0.0344694 0.0012403 0.0371062 0.0436290 0.0226126 0.0225901 0.0329209 -0.0343273 0.0276059 0.0210052 0.0256096 0.0400236 -0.0345264 0.0205760 0.0116106 0.0279695 -0.1731714 0.0429491 0.0225373 0.0463412 -0.0176581 0.0195143 -0.0101986 -0.0145726 0.0057589 -0.0083319 0.0274215 0.0145616 0.0329118 -0.0498482 0.0494641 -0.0214228 -0.0252751 -0.0092248 0.0098888 0.0495457 0.0007229 -0.0109799 0.0227778 0.0027545 0.0363049 0.0472128 0.0584619 0.0568693 0.0491964 0.0206689 0.0462184 0.0455360
-0.1683672 -0.2574722 -0.2747985 -0.0299285 0.0616777 0.0803222 0.0458914 -0.0824052 0.0893634 0.0343602 0.0852508 0.0929528 0.0788534 0.0202770 -0.0806145 0.0503626 1.1535046 0.0770278 0.0774230 0.0980579 -0.0159809 0.0398762 -0.0694537 0.0937298 -0.1185354 0.0754813 0.0635434 0.0602384 0.0481492 0.0314782 0.0622685 -0.0057567 0.0831462 0.0741801 0.0208380 0.0317639 0.0499966 -0.0796289 0.0377541 0.0259441 0.0356378 0.0633429 -0.0802980 0.0215224 0.0036612 0.0520231 -0.2535951 0.0727580 0.0286843 0.0732709 -0.0378190 0.0220058 -0.0296104 -0.0279730 0.0055246 -0.0281895 0.0399909 0.0193161 0.0469154 -0.1024364 0.0903856 -0.0676512 -0.0497526 -0.0391396 0.0165859 0.0800330 -0.0142280 -0.0251452 0.0269957 -0.0051253 0.0723932 0.0824049 0.1271775 0.1036636 0.0914330 0.0300879 0.0813827 0.0903419
-0.1346557 -0.2044734 -0.2340109 -0.0126781 0.0559655 0.0620517 0.0337416 -0.0624251 0.0711746 0.0329236 0.0604984 0.0721322 0.0633576 0.0208914 -0.0668222 0.0439263 0.0770278 1.0747011 0.0596219 0.0778164 -0.0095854 0.0341577 -0.0477642 0.0701098 -0.0909092 0.0613333 0.0556825 0.0500978 0.0398030 0.0314691 0.0453609 -0.0031093 0.0617223 0.0623549 0.0183200 0.0251258 0.0457202 -0.0553553 0.0319567 0.0274710 0.0291666 0.0521918 -0.0532329 0.0225150 0.0106803 0.0404847 -0.2143614 0.0585580 0.0192904 0.0610969 -0.0262779 0.0182712 -0.0176817 -0.0157618 0.0007502 -0.0193712 0.0356439 0.0160123 0.0408443 -0.0725552 0.0673401 -0.0421170 -0.0351921 -0.0237705 0.0203478 0.0717956 -0.0123779 -0.0143776 0.0230371 -0.0020551 0.0516978 0.0614241 0.0931427 0.0818469 0.0728597 0.0228607 0.0669767 0.0706385
-0.1569947 -0.2050185 -0.2358505 -0.0283760 0.0450854 0.0655313 0.0300416 -0.0600777 0.0725298 0.0348658 0.0653116 0.0792941 0.0612759 0.0202726 -0.0664791 0.0487964 0.0774230 0.0596219 1.0847088 0.0829544 -0.0185562 0.0364054 -0.0547344 0.0670018 -0.0940825 0.0634656 0.0611096 0.0501037 0.0383271 0.0279971 0.0494217 0.0003237 0.0576346 0.0648313 0.0232356 0.0241055 0.0429655 -0.0923172 0.0340445 0.0188060 0.0305568 0.0529885 -0.0584268 0.0211101 0.0090030 0.0423829 -0.2150016 0.0625852 0.0257884 0.0559656 -0.0332569 0.0233596 -0.0235795 -0.0059963 0.0060384 -0.0219027 0.0361084 0.0111662 0.0453607 -0.0877305 0.0761070 -0.0624114 -0.0087444 -0.0302838 0.0145700 0.0661791 -0.0049728 -0.0053751 0.0235083 -0.0042024 0.0546275 0.0738018 0.1002644 0.0827879 0.0759970 0.0232628 0.0696118 0.0749131
-0.1826780 -0.2777302 -0.2981996 -0.0367496 0.0627527 0.0848550 0.0356260 -0.0936584 0.0974589 0.0397109 0.0954267 0.0998262 0.0817096 0.0229244 -0.0884169 0.0538915 0.0980579 0.0778164 0.0829544 1.2116985 -0.0223527 0.0427377 -0.0753964 0.0974148 -0.1331476 0.0784946 0.0776922 0.0675632 0.0532977 0.0348190 0.0705433 -0.0060683 0.0858729 0.0821758 0.0239339 0.0317654 0.0514934 -0.0935568 0.0414428 0.0205272 0.0366308 0.0712683 -0.0989048 0.0216295 0.0099769 0.0383307 -0.2724996 0.0842995 0.0232098 0.0776246 -0.0365984 0.0247261 -0.0361753 -0.0340350 0.0047481 -0.0323797 0.0429281 0.0176832 0.0553503 -0.1141758 0.0939817 -0.0793399 -0.0584367 -0.0416120 0.0184775 0.0850186 -0.0138468 -0.0339279 0.0259403 -0.0083857 0.0740776 0.0980845 0.1478208 0.1131709 0.1027245 0.0327752 0.0915504 0.1002776
-0.0129411 -0.0354169 -0.0278556 0.0350317 -0.0098544 -0.0182027 0.0089849 0.0782056 -0.0253762 0.0048340 -0.0209827 -0.0240787 -0.0075849 0.0062198 -0.0104957 -0.0033746 -0.0159809 -0.0095854 -0.0185562 -0.0223527 0.8074062 0.0005796 0.0694572 -0.0188953 0.0542350 -0.0127919 -0.0158608 -0.0075052 -0.0054894 0.0057832 -0.0038391 0.0114053 -0.0177689 -0.0160141 0.0080132 0.0052285 -0.0080749 0.0785895 0.0080566 0.0087389 0.0110214 0.0139665 0.1451028 0.0038862 0.0181883 0.0062099 -0.0298510 -0.0144664 0.0023822 -0.0183153 0.3913188 0.0217846 0.0539502 0.0660509 0.0124211 0.0364126 0.0060791 0.0169507 -0.0051947 0.1131786 -0.0220695 0.0979468 0.0444947 -0.0164100 0.0053686 -0.0120091 0.0205176 0.0350503 0.0057843 0.0220538 -0.0158375 -0.0231974 -0.0471859 -0.0310760 -0.0250110 -0.0004886 -0.0252111 -0.0267516
-0.0925452 -0.1427090 -0.1721058 -0.0070738 0.0287303 0.0426911 0.0208834 -0.0276356 0.0416737 0.0161590 0.0420873 0.0408485 0.0348372 0.0191963 -0.0588824 0.0285339 0.0398762 0.0341577 0.0364054 0.0427377 0.0005796 0.9913174 -0.0215169 0.0379687 -0.0472799 0.0344989 0.0324246 0.0385819 0.0215961 0.0258064 0.0385176 0.0110948 0.0357917 0.0390296 0.0156926 0.0239795 0.0257353 -0.0121474 0.0198427 0.0202557 0.0250814 0.0306573 0.0221584 0.0166296 0.0096053 0.0283261 -0.1524234 0.0334716 0.0207028 0.0354567 -0.0066991 0.0181652 -0.0044697 0.0000657 0.0082823 -0.0029771 0.0251194 0.0193778 0.0257756 -0.0314872 0.0385278 -0.0330236 -0.0171259 -0.0089386 0.0119219 0.0389297 0.0054766 -0.0042419 0.0210310 0.0061188 0.0295776 0.0420703 0.0509666 0.0409842 0.0380638 0.0207539 0.0376323 0.0413127
0.0439479 0.0412834 0.0654243 0.1980309 -0.0753034 -0.0657166 -0.0471795 0.1544803 -0.0724074 -0.0177414 -0.0638584 -0.0788998 -0.0500193 -0.0306110 -0.0081170 -0.0313900 -0.0694537 -0.0477642 -0.0547344 -0.0753964 0.0694572 -0.0215169 0.6757900 -0.0654395 0.1367701 -0.0510774 -0.0516398 -0.0386220 -0.0288315 -0.0526936 -0.0345462 0.0588259 -0.0641262 -0.0537681 -0.0052928 -0.0074125 -0.0325551 0.2032263 -0.0199521 -0.0068583 -0.0517703 -0.0487567 0.2213774 -0.0045750 0.0711981 -0.0227156 0.0462766 -0.0599897 -0.0113115 -0.0593038 0.0371159 0.0213540 0.1598339 0.0356047 0.0264324 0.0628686 -0.0131148 0.0090338 -0.0327491 0.2055264 -0.0724012 0.2302243 0.1034937 0.1299046 -0.0042717 -0.0578593 0.0723952 0.0765823 -0.0054828 0.0011041 -0.0506522 -0.0666172 -0.1024111 -0.0885545 -0.0751330 -0.0126769 -0.0668305 -0.0702437
-0.1945598 -0.2451061 -0.2619812 -0.0282202 0.0586819 0.0731077 0.0374233 -0.0762123 0.0814620 0.0321053 0.0772279 0.0864563 0.0656964 0.0221207 -0.0784886 0.0445275 0.0937298 0.0701098 0.0670018 0.0974148 -0.0188953 0.0379687 -0.0654395 1.1320997 -0.1114098 0.0735447 0.0697596 0.0585585 0.0470978 0.0325078 0.0577409 -0.0036655 0.0792855 0.0693180 0.0211066 0.0255956 0.0430858 -0.1335606 0.0364934 0.0234968 0.0333051 0.0639401 -0.0894041 0.0211594 0.0067722 0.0469312 -0.2398177 0.1122763 0.0233967 0.0745430 -0.0368079 0.0252769 -0.0230562 -0.0143938 0.0029719 -0.0265919 0.0336190 0.0147401 0.0450050 -0.1021709 0.0776974 -0.0889971 -0.0085086 -0.0337135 0.0183932 0.0739882 -0.0115191 -0.0251489 0.0212503 -0.0023123 0.0683862 0.0822923 0.1167710 0.0935739 0.0897210 0.0297050 0.0787115 0.0913594
0.1706739 0.2085283 0.2471925 0.0715983 -0.0708708 -0.1057187 -0.0356804 0.1565322 -0.1221012 -0.0397046 -0.1160160 -0.1260870 -0.0976387 -0.0159641 0.0531718 -0.0585682 -0.1185354 -0.0909092 -0.0940825 -0.1331476 0.0542350 -0.0472799 0.1367701 -0.1114098 0.9501199 -0.0965112 -0.0922316 -0.0729541 -0.0576122 -0.0384137 -0.0767725 0.0258130 -0.1017262 -0.0969639 -0.0168409 -0.0270595 -0.0606540 0.1929798 -0.0423849 -0.0184686 -0.0351363 -0.0815564 0.1745389 -0.0128504 0.0080413 -0.0450637 0.2141255 -0.1025617 -0.0233293 -0.0983630 0.0761873 -0.0240692 0.0676764 0.0607641 0.0126935 0.0662644 -0.0407310 -0.0049817 -0.0567649 0.2147786 -0.1170581 0.1965381 0.0770606 0.0883042 -0.0103308 -0.1033207 0.0406743 0.0643070 -0.0203916 0.0277296 -0.0906731 -0.1121129 -0.1849343 -0.1419885 -0.1248168 -0.0290570 -0.1127624 -0.1181418
-0.1618310 -0.2230286 -0.2376630 -0.0256677 0.0501729 0.0638871 0.0310493 -0.0685009 0.0737554 0.0319973 0.0708957 0.0698361 0.0685062 0.0229661 -0.0743312 0.0440008 0.0754813 0.0613333 0.0634656 0.0784946 -0.0127919 0.0344989 -0.0510774 0.0735447 -0.0965112 1.0988349 0.0562501 0.0542379 0.0410864 0.0278683 0.0518557 0.0009392 0.0598351 0.0674098 0.0271705 0.0299300 0.0423921 -0.0890910 0.0352879 0.0218818 0.0335953 0.0555509 -0.0622785 0.0193674 0.0090031 0.0313827 -0.2182788 0.0601950 0.0264140 0.0726012 -0.0291217 0.0226314 -0.0235612 -0.0199790 0.0108538 -0.0203794 0.0321765 0.0113661 0.0431745 -0.0858144 0.0729673 -0.0629901 -0.0211531 -0.0278030 0.0136827 0.0653421 -0.0069341 -0.0139737 0.0305874 0.0000718 0.0540218 0.0695569 0.1008913 0.0900039 0.0793789 0.0250662 0.0687141 0.0757944
-0.1752814 -0.2213342 -0.2356165 -0.0123323 0.0514198 0.0760161 0.0317419 -0.0652551 0.0769524 0.0310421 0.0770661 0.0738880 0.0546031 0.0152882 -0.0697478 0.0474499 0.0635434 0.0556825 0.0611096 0.0776922 -0.0158608 0.0324246 -0.0516398 0.0697596 -0.0922316 0.0562501 1.1118290 0.0477463 0.0394944 0.0381398 0.0519686 0.0035946 0.0746798 0.0611486 0.0188076 0.0227954 0.0438831 -0.1222461 0.0348308 0.0215136 0.0278888 0.0632105 -0.0786439 0.0242702 0.0133798 0.0341748 -0.2162944 0.0637658 0.0211452 0.0593718 -0.0244111 0.0198919 -0.0182097 -0.0249080 0.0063028 -0.0222898 0.0293346 0.0127412 0.0418873 -0.0885116 0.0760384 -0.0765707 0.0085541 -0.0253678 0.0150826 0.0582626 -0.0029010 -0.0206556 0.0209078 0.0008721 0.0632899 0.0713822 0.0959489 0.0755213 0.0761353 0.0270126 0.0702684 0.0738942
-0.1195798 -0.1800701 -0.2054585 -0.0123125 0.0418132 0.0517535 0.0305777 -0.0427713 0.0557685 0.0311508 0.0636129 0.0629254 0.0491372 0.0175068 -0.0632544 0.0412667 0.0602384 0.0500978 0.0501037 0.0675632 -0.0075052 0.0385819 -0.0386220 0.0585585 -0.0729541 0.0542379 0.0477463 1.0589806 0.0333235 0.0268048 0.0729348 0.0133627 0.0436503 0.0485336 0.0249655 0.0230740 0.0336924 -0.0341167 0.0298220 0.0230778 0.0258074 0.0485535 -0.0441681 0.0231256 0.0163303 0.0238948 -0.1882628 0.0527278 0.0254556 0.0618563 -0.0182597 0.0124597 -0.0152602 -0.0072253 0.0091225 -0.0079898 0.0263552 0.0169763 0.0322117 -0.0575654 0.0637390 -0.0591012 -0.0297370 -0.0167947 0.0129490 0.0615396 -0.0021894 -0.0076721 0.0197250 0.0100754 0.0525463 0.0556238 0.0740820 0.0716542 0.0598197 0.0193829 0.0568656 0.0559778
-0.0986289 -0.1546048 -0.1791890 -0.0039135 0.0342132 0.0478630 0.0213352 -0.0355351 0.0489903 0.0184892 0.0417077 0.0478537 0.0357875 0.0163054 -0.0551937 0.0291164 0.0481492 0.0398030 0.0383271 0.0532977 -0.0054894 0.0215961 -0.0288315 0.0470978 -0.0576122 0.0410864 0.0394944 0.0333235 1.0247504 0.0249551 0.0371531 0.0067194 0.0488561 0.0441767 0.0218475 0.0223645 0.0336269 -0.0281129 0.0273972 0.0183938 0.0208879 0.0386416 -0.0315423 0.0118207 0.0103159 0.0269692 -0.1639844 0.0444757 0.0215128 0.0429283 -0.0072050 0.0189668 -0.0047126 -0.0022274 0.0099566 -0.0043654 0.0264242 0.0141360 0.0289149 -0.0459281 0.0458537 -0.0160178 -0.0249007 -0.0110628 0.0179193 0.0409455 0.0024039 -0.0091974 0.0169986 0.0069614 0.0399933 0.0536646 0.0615153 0.0469927 0.0498091 0.0208169 0.0446746 0.0494116
-0.0885196 -0.1472058 -0.1408039 -0.0015821 0.0381081 0.0409565 0.0249292 -0.0195165 0.0411602 0.0236947 0.0326438 0.0372228 0.0266425 0.0251488 -0.0477651 0.0277931 0.0314782 0.0314691 0.0279971 0.0348190 0.0057832 0.0258064 -0.0526936 0.0325078 -0.0384137 0.0278683 0.0381398 0.0268048 0.0249551 0.9941158 0.0383583 0.0130322 0.0336982 0.0296784 0.0151667 0.0155083 0.0266397 0.0025965 0.0327403 0.0154576 0.0306826 0.0272765 -0.0076835 0.0146369 0.0058628 0.0230242 -0.1420128 0.0329612 0.0165006 0.0298204 0.0144490 0.0222466 -0.0020880 0.0084514 0.0047265 -0.0025201 0.0233430 0.0099550 0.0216923 -0.0261898 0.0321413 -0.0242536 -0.0155352 -0.0082201 0.0084244 0.0307323 0.0079283 -0.0021099 0.0137643 0.0136640 0.0319920 0.0371617 0.0352419 0.0377939 0.0330394 0.0211703 0.0336924 0.0339243
-0.1308446 -0.1977078 -0.2136655 -0.0130113 0.0438159 0.0632811 0.0235896 -0.0380728 0.0610424 0.0293063 0.0595098 0.0579130 0.0512904 0.0220711 -0.0510832 0.0344694 0.0622685 0.0453609 0.0494217 0.0705433 -0.0038391 0.0385176 -0.0345462 0.0577409 -0.0767725 0.0518557 0.0519686 0.0729348 0.0371531 0.0383583 1.0540235 0.0157215 0.0589656 0.0519309 0.0242883 0.0325165 0.0386443 -0.0390904 0.0309306 0.0190762 0.0317722 0.0474572 -0.0482221 0.0303808 0.0139539 0.0311517 -0.1923473 0.0500555 0.0237201 0.0498687 -0.0165549 0.0196371 -0.0083371 -0.0007563 0.0049309 -0.0142583 0.0269362 0.0233557 0.0333899 -0.0560508 0.0610598 -0.0313862 -0.0209462 -0.0190992 0.0218634 0.0531205 0.0007049 -0.0097126 0.0182855 0.0158454 0.0461078 0.0621089 0.0791843 0.0643070 0.0672953 0.0228678 0.0600968 0.0618066
-0.0446434 -0.0662917 -0.0625236 0.0216029 0.0032081 -0.0028485 0.0039130 0.0255855 -0.0048420 0.0092368 -0.0006184 -0.0068772 -1.9770842 0.0102593 -0.0216662 0.0012403 -0.0057567 -0.0031093 0.0003237 -0.0060683 0.0114053 0.0110948 0.0588259 -0.0036655 0.0258130 0.0009392 0.0035946 0.0133627 0.0067194 0.0130322 0.0157215 0.8787975 0.0049969 0.0029132 0.0136151 0.0111376 0.0036316 0.0176553 0.0076011 0.0066988 0.0105498 0.0034863 0.0111220 0.0108785 0.0135769 0.0046272 -0.0616081 -0.0005804 0.0054826 -0.0080836 0.0236160 0.0128771 0.0273463 0.0355523 0.0217598 0.0168608 0.0062493 0.0116527 0.0092362 0.0323862 -0.0020301 0.0484054 0.0297192 0.0279918 0.0088815 -0.0034163 0.0245608 0.0145421 0.0098705 0.0132069 0.0006992 0.0061211 -0.0205345 -0.0071252 0.0021097 0.0072372 0.0022641 -0.0034456
-0.1467884 -0.2335329 -0.2507080 -0.0220623 0.0537387 0.0764730 0.0286303 -0.0698991 0.0880039 0.0340389 0.0744138 0.0777941 0.0652518 0.0253112 -0.0688463 0.0371062 0.0831462 0.0617223 0.0576346 0.0858729 -0.0177689 0.0357917 -0.0641262 0.0792855 -0.1017262 0.0598351 0.0746798 0.0436503 0.0488561 0.0336982 0.0589656 0.0049969 1.1264397 0.0634968 0.0169904 0.0222410 0.0429129 -0.0687605 0.0458250 0.0255923 0.0307870 0.0592588 -0.0676527 0.0212896 0.0132606 0.0377431 -0.2278195 0.0707790 0.0246899 0.0595401 -0.0272868 0.0312662 -0.0242269 -0.0293335 0.0065053 -0.0251417 0.0303156 0.0151703 0.0449471 -0.0883713 0.0713135 -0.0529623 -0.0514139 -0.0283057 0.0179237 0.0673077 -0.0051198 -0.0234454 0.0204138 -0.0012456 0.0607641 0.0818783 0.1047024 0.0935622 0.0849168 0.0247764 0.0764111 0.0786695
-0.1436926 -0.2138217 -0.2417915 -0.0244304 0.0482908 0.0681024 0.0363660 -0.0670755 0.0809517 0.0375953 0.0703653 0.0768021 0.0648036 0.0257080 -0.0706643 0.0436290 0.0741801 0.0623549 0.0648313 0.0821758 -0.0160141 0.0390296 -0.0537681 0.0693180 -0.0969639 0.0674098 0.0611486 0.0485336 0.0441767 0.0296784 0.0519309 0.0029132 0.0634968 1.1077921 0.0249106 0.0343463 0.0482514 -0.0533491 0.0320604 0.0250645 0.0335300 0.0552601 -0.0617040 0.0175174 0.0073289 0.0352373 -0.2230194 0.0655096 0.0262851 0.0678666 -0.0320296 0.0216482 -0.0206625 -0.0195420 0.0024454 -0.0205209 0.0357437 0.0114346 0.0475345 -0.0800905 0.0680967 -0.0755141 -0.0424066 -0.0272788 0.0112960 0.0674160 -0.0076541 -0.0200380 0.0268356 -0.0020736 0.0610857 0.0739996 0.1005052 0.0868142 0.0778599 0.0269855 0.0705881 0.0725193
-0.0698823 -0.1289611 -0.1299855 -0.0035622 0.0209548 0.0236248 0.0123117 -0.0144492 0.0174893 0.0192551 0.0151587 0.0162089 0.0177955 0.0152848 -0.0433670 0.0226126 0.0208380 0.0183200 0.0232356 0.0239339 0.0080132 0.0156926 -0.0052928 0.0211066 -0.0168409 0.0271705 0.0188076 0.0249655 0.0218475 0.0151667 0.0242883 0.0136151 0.0169904 0.0249106 0.9517193 0.0128729 0.0178004 0.0021197 0.0199609 0.0446918 0.0188272 0.0253145 -0.0071909 0.0135649 0.0101758 0.0107030 -0.1232173 0.0212603 0.0233828 0.0252844 0.0029446 0.0143808 0.0047135 0.0090147 0.0140675 0.0048013 0.0168985 0.0199901 0.0199809 -0.0066737 0.0276424 0.0106522 -0.0058650 0.0031080 0.0120701 0.0299608 0.0078173 -0.0011490 0.0307677 0.0117824 0.0165191 0.0214537 0.0194868 0.0302298 0.0308060 0.0101271 0.0219610 0.0196466
-0.0858316 -0.1444408 -0.1471510 0.0050312 0.0277100 0.0374092 0.0223619 -0.0484194 0.0346666 0.0167937 0.0270858 0.0309166 0.0237137 0.0136516 -0.0400847 0.0225901 0.0317639 0.0251258 0.0241055 0.0317654 0.0052285 0.0239795 -0.0074125 0.0255956 -0.0270595 0.0299300 0.0227954 0.0230740 0.0223645 0.0155083 0.0325165 0.0111376 0.0222410 0.0343463 0.0128729 0.9677213 0.0270013 0.0013818 0.0160135 0.0137591 0.0344019 0.0289360 -0.0291900 0.0194961 0.0062055 0.0166517 -0.1422338 0.0269467 0.0157520 0.0332791 -0.0018332 0.0144918 0.0207753 0.4852697 0.0077748 0.0031406 0.0212673 0.0136572 0.0398469 -0.0121081 0.0462933 -0.0354848 -0.0083784 -0.1621113 0.0139224 0.0296327 0.0342658 0.0038711 0.0188145 0.0584702 0.0355762 0.0270888 0.0331500 0.0346025 0.0244404 0.0180075 0.0357198 0.0272634
-0.1117996 -0.1841220 -0.1906135 -0.0120056 0.0403282 0.0466991 0.0259308 -0.0412996 0.0542416 0.0292504 0.0489825 0.0532879 0.0430349 0.0222837 -0.0613453 0.0329209 0.0499966 0.0457202 0.0429655 0.0514934 -0.0080749 0.0257353 -0.0325551 0.0430858 -0.0606540 0.0423921 0.0438831 0.0336924 0.0336269 0.0266397 0.0386443 0.0036316 0.0429129 0.0482514 0.0178004 0.0270013 1.0215031 -0.0347951 0.0281869 0.0212433 0.0287043 0.0385063 -0.0343550 0.0237810 0.0090343 0.0301293 -0.1789538 0.0460823 0.0227282 0.0537685 -0.0155703 0.0199708 -0.0098363 -0.0058625 0.0086643 -0.0076343 0.0300592 0.0145800 0.0363298 -0.0492021 0.0524841 -0.0203833 -0.0239690 -0.0124827 0.0123704 0.0459193 -0.0045189 -0.0068172 0.0177274 0.0029562 0.0478053 0.0462819 0.0664291 0.0555554 0.0513801 0.0201562 0.0489831 0.0511413
82.3787537 0.0712444 0.0788649 0.1699836 -0.0404525 -0.0648110 0.0102323 0.2384146 -0.1132400 0.0241046 -0.0734361 -0.0789783 -0.0608894 0.0151870 0.0101130 -0.0343273 -0.0796289 -0.0553553 -0.0923172 -0.0935568 0.0785895 -0.0121474 0.2032263 -0.1335606 0.1929798 -0.0890910 -0.1222461 -0.0341167 -0.0281129 0.0025965 -0.0390904 0.0176553 -0.0687605 -0.0533491 0.0021197 0.0013818 -0.0347951 0.5907675 -0.0563759 -0.0012790 -0.0147080 -0.0492151 22.6052914 0.0209413 0.0257313 -0.0171535 0.0471182 -0.0971716 -0.0369107 -0.0661751 0.1011342 0.0012665 0.0950165 0.1026917 0.0326536 0.0914129 -0.0018050 0.0152658 -0.0363080 16.1238308 -0.0825037 19.8080482 -99.1200943 0.2253957 0.0077781 -0.0656201 0.0879271 0.0029874 -0.0080831 -0.0001945 -0.0616660 -0.0771877 -0.1159943 -0.0987535 -0.1156010 0.0091451 -0.0808214 -0.1115663
-0.1307600 -0.1596890 -0.1679975 -0.0047078 0.0300754 0.0398583 0.0230759 -0.0147912 0.0405158 0.0238727 0.0368025 0.0428728 0.0410420 0.0149970 -0.0504184 0.0276059 0.0377541 0.0319567 0.0340445 0.0414428 0.0080566 0.0198427 -0.0199521 0.0364934 -0.0423849 0.0352879 0.0348308 0.0298220 0.0273972 0.0327403 0.0309306 0.0076011 0.0458250 0.0320604 0.0199609 0.0160135 0.0281869 -0.0563759 0.9953229 0.0186556 0.0224944 0.0363389 -0.0340582 0.0141576 0.0123337 0.0150940 -0.1541858 0.0396162 0.0126478 0.0330047 -0.0029042 0.0152495 -0.0012812 0.0105424 0.0162414 -0.0033223 0.0205393 0.0141326 0.0288696 -0.0371338 0.0384058 -0.0580428 0.0281246 -0.0001837 0.0180120 0.0334266 0.0064688 -0.0038610 0.0164628 0.0096124 0.0389156 0.0414933 0.0387238 0.0401388 0.0423619 0.0186740 0.0423135 0.0403519
-0.0683287 -0.1356564 -0.1356528 -0.0050186 0.0208517 0.0242004 0.0201563 -0.0150417 0.0258306 0.0217787 0.0234370 0.0238914 0.0262657 0.0160068 -0.0420147 0.0210052 0.0259441 0.0274710 0.0188060 0.0205272 0.0087389 0.0202557 -0.0068583 0.0234968 -0.0184686 0.0218818 0.0215136 0.0230778 0.0183938 0.0154576 0.0190762 0.0066988 0.0255923 0.0250645 0.0446918 0.0137591 0.0212433 -0.0012790 0.0186556 1.1409309 0.0235256 0.0260979 -0.0086966 0.0230217 0.0142027 0.0195029 -0.1299035 0.0249428 0.0874430 0.0236385 0.0000780 0.0144927 0.0091480 0.0081553 0.0079152 0.0043203 0.0193074 0.0301161 0.0222742 -0.0121667 0.0209008 0.0124134 -0.0095980 0.0001779 0.0291220 0.0320661 0.0037692 0.0083128 0.0484858 0.0097828 0.0204828 0.0202546 0.0163675 0.0230011 0.0286178 0.0153893 0.0170084 0.0192301
-0.1017565 -0.1467777 -0.1548622 -0.0023708 0.0396741 0.0379435 0.0280087 -0.0223474 0.0342912 0.0240785 0.0320954 0.0349533 0.0309394 0.0273190 -0.0397867 0.0256096 0.0356378 0.0291666 0.0305568 0.0366308 0.0110214 0.0250814 -0.0517703 0.0333051 -0.0351363 0.0335953 0.0278888 0.0258074 0.0208879 0.0306826 0.0317722 0.0105498 0.0307870 0.0335300 0.0188272 0.0344019 0.0287043 -0.0147080 0.0224944 0.0235256 0.9717528 0.0288641 -0.0046800 0.0204000 0.0136952 0.0259354 -0.1462018 -0.0098549 0.0170027 0.0262303 -0.0017660 0.0188060 0.0013870 0.0049866 0.0081980 -0.0035126 0.0204940 0.0122885 0.0275730 -0.0179171 0.0362398 -0.0311110 0.0178755 -0.0086407 0.0170778 0.0371425 0.0039314 0.0053672 0.0213769 0.0162693 0.0258561 0.0338703 0.0386751 0.0395355 0.0307666 0.0166263 0.0340856 0.0346122
-0.1293602 -0.2110241 -0.2289495 -0.0165733 0.0467565 0.0658448 0.0287286 -0.0558951 0.0652838 0.0290279 0.0641008 0.0710915 0.0570555 0.0169837 -0.0666765 0.0400236 0.0633429 0.0521918 0.0529885 0.0712683 0.0139665 0.0306573 -0.0487567 0.0639401 -0.0815564 0.0555509 0.0632105 0.0485535 0.0386416 0.0272765 0.0474572 0.0034863 0.0592588 0.0552601 0.0253145 0.0289360 0.0385063 -0.0492151 0.0363389 0.0260979 0.0288641 1.0744945 -0.0339420 0.0260485 0.0220261 0.0330943 -0.2055969 0.0521619 0.0162834 0.0602008 -0.0183746 0.0569935 -0.0229039 -0.0167629 0.0042546 -0.0158630 0.0252334 0.0163846 0.0388694 -0.0673763 0.0602792 -0.0384564 -0.0123023 -0.0215582 0.0220399 0.0622126 -0.0017500 -0.0121337 0.0179311 0.0069721 0.0637342 0.0621687 0.0867212 0.0754653 0.0671607 0.0256373 0.0613438 0.0642930
14.9545403 0.0328856 0.0763466 0.1169473 -0.0381513 -0.0822849 -0.0044303 0.2647100 -0.0867546 -0.0216101 -0.0794323 -0.0827667 -0.0640255 0.0114162 0.0199310 -0.0345264 -0.0802980 -0.0532329 -0.0584268 -0.0989048 0.1451028 0.0221584 0.2213774 -0.0894041 0.1745389 -0.0622785 -0.0786439 -0.0441681 -0.0315423 -0.0076835 -0.0482221 0.0111220 -0.0676527 -0.0617040 -0.0071909 -0.0291900 -0.0343550 22.6052914 -0.0340582 -0.0086966 -0.0046800 -0.0339420 0.6222383 -0.0064169 0.0436873 -0.0221341 0.0573954 -0.0242398 -0.0193771 -0.0352911 0.0972569 0.0105910 0.0927178 -0.3784317 0.0698930 0.0633382 -0.0153658 0.0128900 -0.0330146 3.2249281 -0.0760235 11.5555840 -17.7889423 0.2111628 0.0060598 -0.0680772 0.0281446 0.1084341 -0.0056638 -0.0023684 -0.0555595 -0.0737574 -0.1115449 -0.0976639 -0.0922127 0.0006540 -0.0781231 -0.0893708
-0.0832804 -0.1227894 -0.1233752 0.0034303 0.0207179 0.0225427 0.0181575 0.0031041 0.0234909 0.0388083 0.0137583 0.0245729 0.0213153 0.0170462 -0.0419685 0.0205760 0.0215224 0.0225150 0.0211101 0.0216295 0.0038862 0.0166296 -0.0045750 0.0211594 -0.0128504 0.0193674 0.0242702 0.0231256 0.0118207 0.0146369 0.0303808 0.0108785 0.0212896 0.0175174 0.0135649 0.0194961 0.0237810 0.0209413 0.0141576 0.0230217 0.0204000 0.0260485 -0.0064169 0.9297128 0.0143096 0.0214460 -0.1191067 -0.0374832 0.0083928 0.0193295 0.0044302 0.0186512 0.0070839 -0.0066842 0.0099349 0.0028659 0.0155989 0.0139104 0.0148798 0.0000659 0.0269068 0.0083282 0.0140950 0.0026897 0.0141880 0.0137285 0.0110280 0.0043271 0.0168423 0.0083520 0.0185395 0.0178496 0.0155970 0.0196933 0.0211341 0.0077456 0.0219625 0.0256062
-0.0412182 -0.0939794 -0.0900066 0.0092177 0.0096628 0.0076100 0.0072963 0.0253315 0.0038142 0.0143496 0.0072293 0.0008342 0.0068713 0.0151626 -0.0296884 0.0116106 0.0036612 0.0106803 0.0090030 0.0099769 0.0181883 0.0096053 0.0711981 0.0067722 0.0080413 0.0090031 0.0133798 0.0163303 0.0103159 0.0058628 0.0139539 0.0135769 0.0132606 0.0073289 0.0101758 0.0062055 0.0090343 0.0257313 0.0123337 0.0142027 0.0136952 0.0220261 0.0436873 0.0143096 0.8958562 0.0115601 -0.0880041 0.0132326 0.0160925 0.0082946 0.0220087 0.0129022 0.0226406 0.0188331 0.0122461 0.0118164 0.0042707 0.0115926 0.0114635 0.0265041 0.0048042 0.0473449 0.0062841 0.0134054 0.0143035 0.0140981 0.0199222 0.0108857 0.0100167 0.0114874 0.0051291 0.0076418 0.0030275 0.0079869 0.0129384 0.0100114 0.0069501 0.0086024
-0.0865991 -0.1542850 -0.1631439 0.0045137 0.0303166 0.0375256 0.0264888 -0.0249251 0.0410713 0.0178896 0.0361056 0.0398892 0.0346553 0.0179195 -0.0460933 0.0279695 0.0520231 0.0404847 0.0423829 0.0383307 0.0062099 0.0283261 -0.0227156 0.0469312 -0.0450637 0.0313827 0.0341748 0.0238948 0.0269692 0.0230242 0.0311517 0.0046272 0.0377431 0.0352373 0.0107030 0.0166517 0.0301293 -0.0171535 0.0150940 0.0195029 0.0259354 0.0330943 -0.0221341 0.0214460 0.0115601 0.9827576 -0.1507930 0.0395338 0.0230913 0.0419967 -0.0032604 0.0179883 -0.0025306 0.0011833 0.0059935 -0.0042123 0.0258323 0.0146831 0.0247542 -0.0267960 0.0421539 -0.0092071 -0.0183261 -0.0139753 0.0156048 0.0390333 -0.0005094 -0.0065652 0.0155203 0.0030695 0.0316982 0.0389650 0.0458558 0.0445244 0.0408863 0.0202723 0.0345877 0.0458626
1.3642716 2.4755340 2.1015480 -0.0173862 -0.1942408 -0.2387336 -0.1468602 0.0538094 -0.2605857 -0.1479001 -0.2411225 -0.2496743 -0.2181454 -0.1139929 0.7795125 -0.1731714 -0.2535951 -0.2143614 -0.2150016 -0.2724996 -0.0298510 -0.1524234 0.0462766 -0.2398177 0.2141255 -0.2182788 -0.2162944 -0.1882628 -0.1639844 -0.1420128 -0.1923473 -0.0616081 -0.2278195 -0.2230194 -0.1232173 -0.1422338 -0.1789538 0.0471182 -0.1541858 -0.1299035 -0.1462018 -0.2055969 0.0573954 -0.1191067 -0.0880041 -0.1507930 2.1775005 -0.2198728 -0.1141215 -0.2280212 0.0068526 -0.1083898 -0.0123089 -0.0234631 -0.0689560 -0.0132676 -0.1554988 -0.1043348 -0.1734381 0.0905795 -0.2531658 0.0164275 0.0264349 -0.0153959 -0.0996893 -0.2384951 -0.0532228 -0.0154383 -0.1230045 -0.0611484 -0.2116798 -0.2438299 -0.3554125 -0.2822953 -0.2614374 -0.1246168 -0.2336569 -0.2569775
-0.1607752 -0.2231832 -0.2387235 -0.0232493 0.0595813 0.0704307 0.0295825 -0.0666409 0.0797076 0.0338901 0.0760003 0.0747000 0.0708930 0.0188036 -0.0659287 0.0429491 0.0727580 0.0585580 0.0625852 0.0842995 -0.0144664 0.0334716 -0.0599897 0.1122763 -0.1025617 0.0601950 0.0637658 0.0527278 0.0444757 0.0329612 0.0500555 -0.0005804 0.0707790 0.0655096 0.0212603 0.0269467 0.0460823 -0.0971716 0.0396162 0.0249428 -0.0098549 0.0521619 -0.0242398 -0.0374832 0.0132326 0.0395338 -0.2198728 1.1092476 0.0294384 0.0624362 -0.0226739 0.0270311 0.0112019 0.8713796 0.0041334 -0.0214196 0.0374216 0.0131284 0.0467885 -0.0874904 0.0738190 -0.0196560 0.0190265 0.0110143 0.0218088 0.0686976 -0.0070010 -0.0175801 0.0273333 0.0025436 0.0849093 0.0717106 0.0965639 0.0777936 0.0769740 0.0290598 0.0793364 0.0770274
-0.0819330 -0.1196080 -0.1208548 -0.0095254 0.0245917 0.0267932 0.0172952 -0.0158570 0.0290137 0.0206251 0.0251230 0.0265206 0.0311028 0.0201287 -0.0343470 0.0225373 0.0286843 0.0192904 0.0257884 0.0232098 0.0023822 0.0207028 -0.0113115 0.0233967 -0.0233293 0.0264140 0.0211452 0.0254556 0.0215128 0.0165006 0.0237201 0.0054826 0.0246899 0.0262851 0.0233828 0.0157520 0.0227282 -0.0369107 0.0126478 0.0874430 0.0170027 0.0162834 -0.0193771 0.0083928 0.0160925 0.0230913 -0.1141215 0.0294384 0.9733402 0.0246154 0.0059112 0.0178727 0.0050112 -0.0000144 0.0134603 0.0022762 0.0193478 0.0143828 0.0160050 -0.0256647 0.0241892 -0.0124436 0.0041317 -0.0017749 0.0090825 0.0343022 0.0021678 -0.0041578 0.0181207 0.0113654 0.0207157 0.0275680 0.0240200 0.0274992 0.0266887 0.0120066 0.0298475 0.0252015
