0.9003757 -0.0043247 -0.2187606 -0.1379013 0.0831444 0.2328485 0.1921559 -0.1639264 -0.0936330 -0.1050614 0.2510406 -0.0922024 -0.0996030 -0.1103242 -0.1234762 -0.1017980 -0.0966802 -0.1021853 -0.1051067 -0.0892385 -0.1383162 -0.1044021 -0.1681257 -0.0915538 -0.1632763 0.1554427 0.1887692 -0.1089885 0.1009518 -0.1135931 -0.1033518 0.1646640 0.1590473 -0.1122180 -0.1126972 -0.1186351 -0.1070775 -0.1765528 -0.1157629 -0.1300927 -0.0478054 -0.1028601 -0.1697508 0.1587561 -0.1280672 0.1452257 -0.0050149 0.1903667 0.1026307 0.1018714 -0.1424332 0.1525628 -0.1429368 0.0525744 -0.1185191 -0.1482907 -0.1137997 -0.1232457 -0.1013796 -0.1807148 -0.0938283 -0.1377397 0.0815330 -0.1519746 0.1331919 -0.0074585 -0.0737782 -0.1497518 -0.1196544 -0.1311663 -0.0982035 -0.0827880 0.2355426 -0.0240113 0.2581273 -0.1142575 0.1473791 0.7996500
-0.0043247 0.9958619 -0.2344000 -0.1276521 0.0058161 0.0267524 -0.0174939 -0.1564911 -0.1225336 -0.1427695 0.0102004 -0.1247018 -0.1288901 -0.1369308 -0.1757262 -0.1323822 -0.1229040 -0.1301536 -0.1255753 -0.1235832 -0.1342959 -0.1268340 -0.1572257 -0.1396852 0.1617343 0.0509583 -0.0279902 -0.1290444 0.0236800 -0.1432502 -0.1352491 -0.0358029 0.0041273 -0.1272407 -0.1492840 -0.1421998 -0.1451110 -0.1516914 -0.1469974 -0.1390114 0.6565691 -0.1323935 -0.1551511 0.0178154 -0.1447666 -0.0128396 0.9843490 0.0489944 -0.0093133 0.0310281 -0.1298047 -0.0087973 -0.1341387 -0.0014692 -0.1397193 -0.1518845 -0.1340742 -0.1387890 -0.1398810 -0.1701045 -0.1269622 0.2652015 -0.0351545 -0.1571146 -0.0072432 0.7579657 0.5041679 -0.1470577 -0.1396325 -0.1537141 -0.1291506 -0.1287053 0.0448150 0.9322735 0.0229067 -0.1496511 0.0663704 -0.0318468
-0.2187606 -0.2344000 0.5261210 0.1380735 -0.1314611 -0.1619271 -0.0833292 0.2116685 0.0007915 0.0564915 -0.1515618 -0.0063300 0.0183096 0.0709697 0.2809409 0.0426134 -0.0014147 0.0306247 0.0177418 -0.0135824 0.1302190 0.0448199 0.1938830 0.0005300 0.1776709 -0.1479712 -0.1250386 0.0339678 -0.1037318 0.0544958 0.0282903 -0.0300680 -0.1552209 0.0156269 0.0752916 0.0776963 0.0443893 0.2216595 0.0559870 0.1025438 -0.1312341 0.0359345 0.2113201 -0.0940142 0.0935687 -0.0877675 -0.2339109 -0.1440077 -0.0877023 -0.1248065 0.1351098 -0.0849551 0.1340422 0.0115238 0.0906832 0.1415778 0.0603795 0.0852051 0.0440263 0.2422558 0.0043565 0.1175989 0.0281248 0.1566776 -0.0626872 -0.1954138 -0.0437469 0.1475672 0.0852131 0.1168832 0.0217539 0.0018332 -0.1972087 -0.2253865 -0.1713231 0.0694694 -0.1571177 -0.2000112
-0.1379013 -0.1276521 0.1380735 0.5344913 -0.0898232 -0.1047407 -0.0720692 0.0834462 0.0443990 0.0525222 -0.0932957 0.0398791 0.0465146 0.0574660 0.0811341 0.0514935 0.0408797 0.0436461 0.0498353 0.0361441 0.0677331 0.0531981 0.0862203 0.0432708 0.0414152 -0.0957150 -0.0778101 0.0494486 -0.0723408 0.0526465 0.0453027 -0.0539077 -0.0933743 0.0511184 0.0586078 0.0598304 0.0535889 0.0918687 0.0504420 0.0640917 -0.0850784 0.0486372 0.0888004 -0.0821041 0.0620581 -0.0709198 -0.1275778 -0.0967591 -0.0749815 -0.0793024 0.0680265 -0.0691114 0.0684127 -0.0362437 0.0577349 0.0737510 0.0535867 0.0564281 0.0486919 0.0974364 0.0463943 0.0144032 -0.0260219 0.0756064 -0.0619881 -0.1119131 -0.0521992 0.0723990 0.0598545 0.0657276 0.0470335 0.0426432 -0.1096669 -0.1223592 -0.1083370 0.0573264 -0.0935708 -0.1266884
0.0831444 0.0058161 -0.1314611 -0.0898232 0.7262704 0.1529467 0.1129728 -0.1032592 -0.0700111 -0.0754158 0.1394222 -0.0700886 -0.0653859 -0.0758806 -0.0741518 -0.0713366 -0.0662325 -0.0718357 -0.0694896 -0.0610184 -0.0827782 -0.0754341 -0.1067129 -0.0697688 -0.0940854 0.1593913 0.1088878 -0.0777116 0.1211775 -0.0742013 -0.0722000 0.0733504 0.1873561 -0.0745834 -0.0744303 -0.0761155 -0.0721020 -0.1066826 -0.0764748 -0.0861992 -0.0277656 -0.0740412 -0.1042117 0.1779035 -0.0814756 0.1140048 0.0050228 0.1258534 0.1576036 0.0868640 -0.0881612 0.0726117 -0.0932685 0.0731819 -0.0766041 -0.0914152 -0.0803934 -0.0816707 -0.0713269 -0.1133176 -0.0690089 -0.0775550 0.0405344 -0.0888125 0.1048724 -0.0042921 -0.0256811 -0.0953136 -0.0733234 -0.0839478 -0.0715843 -0.0670082 0.1647628 0.0071454 0.1333258 -0.0723090 0.1117137 0.0824065
0.2328485 0.0267524 -0.1619271 -0.1047407 0.1529467 0.7694095 0.1369598 -0.1257400 -0.0858934 -0.0872635 0.1571853 -0.0816194 -0.0777217 -0.0867306 -0.0923411 -0.0809104 -0.0807226 -0.0813774 -0.0858399 -0.0839159 -0.1015270 -0.0860158 -0.1242612 -0.0792019 -0.1036286 0.1300638 0.1491113 -0.0872241 0.0977302 -0.0920682 -0.0833340 0.1156329 0.1915525 -0.0903197 -0.0881605 -0.0930102 -0.0857670 -0.1331484 -0.0888029 -0.1047024 -0.0016526 -0.0846492 -0.1268652 0.1151863 -0.0984138 0.1332406 0.0261602 0.1735993 0.1192359 0.0859810 -0.1082138 0.1135970 -0.1067042 0.0403082 -0.1014125 -0.1115251 -0.0908745 -0.0904711 -0.0907765 -0.1375023 -0.0820908 -0.0835358 0.0536282 -0.1114111 0.1069960 0.0175135 -0.0207890 -0.1147775 -0.0937389 -0.1054916 -0.0853348 -0.0832905 0.1618163 0.0209988 0.2166058 -0.0883919 0.1038214 0.2192425
0.1921559 -0.0174939 -0.0833292 -0.0720692 0.1129728 0.1369598 0.6960251 -0.0771414 -0.0699686 -0.0693485 0.1285465 -0.0702829 -0.0654267 -0.0690376 -0.0499909 -0.0647155 -0.0690159 -0.0721488 -0.0681140 -0.0734614 -0.0727331 -0.0670766 -0.0860780 -0.0711596 -0.0774989 0.1128273 0.1165463 -0.0697780 0.0664735 -0.0699973 -0.0695962 0.0987752 0.1111697 -0.0728510 -0.0707424 -0.0667102 -0.0659742 -0.0874111 -0.0687585 -0.0716983 -0.0409315 -0.0634519 -0.0813628 0.1216657 -0.0745901 0.0909489 -0.0175347 0.0791776 0.0704766 0.0597552 -0.0773337 0.0775937 -0.0769312 0.0656699 -0.0709219 -0.0788270 -0.0676834 -0.0734690 -0.0623670 -0.0912200 -0.0615026 -0.0635815 0.0677193 -0.0771475 0.0860163 -0.0265731 -0.0385814 -0.0786230 -0.0628388 -0.0728292 -0.0698948 -0.0649750 0.1468651 -0.0182796 0.1171499 -0.0639696 0.1079702 0.1739396
-0.1639264 -0.1564911 0.2116685 0.0834462 -0.1032592 -0.1257400 -0.0771414 0.5242211 0.0411406 0.0586184 -0.1132852 0.0375440 0.0494141 0.0634514 0.1217901 0.0562749 0.0428009 0.0497977 0.0468494 0.0331052 0.0854298 0.0539070 0.1117686 0.0439718 0.0702785 -0.1146191 -0.0996756 0.0503709 -0.0847647 0.0613775 0.0530209 -0.0558345 -0.1126721 0.0461744 0.0680388 0.0702800 0.0598584 0.1211655 0.0614955 0.0770656 -0.1014485 0.0551735 0.1172587 -0.0922503 0.0762108 -0.0810697 -0.1560262 -0.1145795 -0.0819753 -0.0948221 0.0846479 -0.0793132 0.0912793 -0.0256131 0.0704458 0.0912213 0.0616771 0.0708900 0.0555098 0.1332444 0.0431000 0.0328342 -0.0209770 0.0997894 -0.0673540 -0.1354678 -0.0584937 0.0937394 0.0675995 0.0825537 0.0500049 0.0371639 -0.1317429 -0.1522945 -0.1256267 0.0685279 -0.1163922 -0.1548057
-0.0936330 -0.1225336 0.0007915 0.0443990 -0.0700111 -0.0858934 -0.0699686 0.0411406 0.6013438 0.0548541 -0.0697805 0.0689520 0.0576842 0.0479480 0.0101442 0.0540724 0.0682744 0.0648393 0.0624140 0.0666163 0.0439187 0.0544940 0.0482528 0.0692779 -0.0229174 -0.0780864 -0.0660206 0.0616688 -0.0583895 0.0539440 0.0643895 -0.0643551 -0.0749060 0.0649609 0.0519946 0.0515327 0.0596836 0.0401597 0.0564075 0.0555704 -0.0985178 0.0613054 0.0460622 -0.0799621 0.0512786 -0.0587231 -0.1225193 -0.0783864 -0.0641483 -0.0563079 0.0460977 -0.0636907 0.0478178 -0.0512938 0.0506920 0.0491006 0.0500996 0.0521071 0.0548923 0.0426049 0.0658522 -0.0442662 -0.0484551 0.0495191 -0.0655465 -0.1134928 -0.0874124 0.0491255 0.0493562 0.0539609 0.0566942 0.0641703 -0.0746502 -0.1203118 -0.0764293 0.0602348 -0.0699880 -0.0883850
-0.1050614 -0.1427695 0.0564915 0.0525222 -0.0754158 -0.0872635 -0.0693485 0.0586184 0.0548541 0.5658970 -0.0818994 0.0517250 0.0503657 0.0612646 0.0369932 0.0553435 0.0549226 0.0571658 0.0484393 0.0583603 0.0569577 0.0488835 0.0610554 0.0630879 -0.0020428 -0.0831135 -0.0600509 0.0570092 -0.0612789 0.0653325 0.0519398 -0.0546329 -0.0808484 0.0559306 0.0572515 0.0564872 0.0580542 0.0626942 0.0587473 0.0553943 -0.1020737 0.0577071 0.0612070 -0.0685389 0.0558074 -0.0655858 -0.1425772 -0.0848881 -0.0641851 -0.0632476 0.0552851 -0.0598029 0.0547233 -0.0452194 0.0539607 0.0567313 0.0544039 0.0530312 0.0553944 0.0643355 0.0585059 -0.0277102 -0.0395274 0.0606775 -0.0591368 -0.1251737 -0.0797887 0.0575439 0.0572364 0.0608929 0.0566961 0.0566000 -0.0886940 -0.1363411 -0.0815546 0.0581054 -0.0842109 -0.0949046
0.2510406 0.0102004 -0.1515618 -0.0932957 0.1394222 0.1571853 0.1285465 -0.1132852 -0.0697805 -0.0818994 0.7543432 -0.0703281 -0.0765112 -0.0858396 -0.0893795 -0.0796507 -0.0743848 -0.0787543 -0.0782496 -0.0670041 -0.0948633 -0.0729880 -0.1157987 -0.0758406 -0.1081930 0.1200932 0.1289513 -0.0766086 0.0889938 -0.0809304 -0.0787372 0.1296529 0.1415489 -0.0800098 -0.0802007 -0.0911356 -0.0839614 -0.1219235 -0.0875330 -0.0950644 -0.0043448 -0.0862963 -0.1183038 0.0991309 -0.0891230 0.1409761 0.0099324 0.1446544 0.0947092 0.1151609 -0.1042002 0.0856348 -0.1000903 0.0349812 -0.0792013 -0.1054983 -0.0796568 -0.0884963 -0.0829908 -0.1276120 -0.0718920 -0.0798750 0.0638601 -0.1017380 0.0865629 0.0143897 -0.0269385 -0.1049528 -0.0902051 -0.0969756 -0.0760263 -0.0724156 0.1616122 0.0031639 0.1873043 -0.0887445 0.1076800 0.2263164
-0.0922024 -0.1247018 -0.0063300 0.0398791 -0.0700886 -0.0816194 -0.0702829 0.0375440 0.0689520 0.0517250 -0.0703281 0.6131995 0.0606830 0.0553049 0.0047734 0.0565658 0.0642558 0.0615213 0.0675042 0.0699516 0.0424007 0.0542458 0.0440852 0.0744504 -0.0258886 -0.0826096 -0.0616118 0.0566332 -0.0630914 0.0543584 0.0669794 -0.0656198 -0.0762605 0.0664119 0.0516316 0.0539057 0.0640109 0.0407803 0.0584412 0.0518879 -0.0998188 0.0649422 0.0382358 -0.0791383 0.0563193 -0.0624845 -0.1247030 -0.0777650 -0.0664026 -0.0595861 0.0451179 -0.0693086 0.0446588 -0.0537512 0.0492920 0.0501674 0.0546299 0.0496620 0.0583866 0.0418691 0.0747800 -0.0469681 -0.0475404 0.0486628 -0.0660056 -0.1153191 -0.0915278 0.0483899 0.0496459 0.0539540 0.0601649 0.0697401 -0.0700984 -0.1206432 -0.0718662 0.0596671 -0.0744061 -0.0852093
-0.0996030 -0.1288901 0.0183096 0.0465146 -0.0653859 -0.0777217 -0.0654267 0.0494141 0.0576842 0.0503657 -0.0765112 0.0606830 0.5936942 0.0559522 0.0226054 0.0592859 0.0587605 0.0598773 0.0626667 0.0604117 0.0446814 0.0511866 0.0512480 0.0618144 -0.0179471 -0.0777697 -0.0639655 0.0598641 -0.0609501 0.0595808 0.0612781 -0.0579853 -0.0753978 0.0668978 0.0523282 0.0485073 0.0526683 0.0491672 0.0662226 0.0548668 -0.1017839 0.0580486 0.0436340 -0.0725456 0.0553071 -0.0642234 -0.1290250 -0.0826325 -0.0605574 -0.0619900 0.0460489 -0.0633313 0.0430435 -0.0478742 0.0477355 0.0515871 0.0549320 0.0539580 0.0532731 0.0495206 0.0628922 -0.0398474 -0.0454463 0.0467115 -0.0662264 -0.1157843 -0.0840665 0.0507124 0.0557375 0.0602626 0.0541081 0.0604567 -0.0759526 -0.1237801 -0.0814312 0.0568402 -0.0699325 -0.0934673
-0.1103242 -0.1369308 0.0709697 0.0574660 -0.0758806 -0.0867306 -0.0690376 0.0634514 0.0479480 0.0612646 -0.0858396 0.0553049 0.0559522 0.5650221 0.0476804 0.0530735 0.0527499 0.0537516 0.0552734 0.0500612 0.0564471 0.0512763 0.0705732 0.0546274 0.0066852 -0.0844409 -0.0676780 0.0584121 -0.0724628 0.0569548 0.0531801 -0.0557913 -0.0801797 0.0579633 0.0544464 0.0582168 0.0527078 0.0638531 0.0581292 0.0548471 -0.1020781 0.0538353 0.0600910 -0.0760543 0.0563240 -0.0675840 -0.1369428 -0.0857999 -0.0727635 -0.0670077 0.0638900 -0.0673182 0.0576770 -0.0398287 0.0578039 0.0647716 0.0529679 0.0587680 0.0561569 0.0682897 0.0513134 -0.0209434 -0.0347293 0.0651676 -0.0640019 -0.1238352 -0.0805302 0.0649937 0.0596509 0.0590326 0.0570907 0.0549671 -0.0866283 -0.1316719 -0.0865943 0.0565138 -0.0854806 -0.1006458
-0.1234762 -0.1757262 0.2809409 0.0811341 -0.0741518 -0.0923411 -0.0499909 0.1217901 0.0101442 0.0369932 -0.0893795 0.0047734 0.0226054 0.0476804 0.5001413 0.0330651 0.0089342 0.0307449 0.0240545 0.0003476 0.0769593 0.0346986 0.1095223 0.0082046 0.0708811 -0.0833021 -0.0695414 0.0277695 -0.0683518 0.0378023 0.0232534 -0.0230383 -0.0820822 0.0167409 0.0527408 0.0507707 0.0357482 0.1193685 0.0385360 0.0611302 -0.1120881 0.0291169 0.1163016 -0.0612837 0.0574691 -0.0526268 -0.1757547 -0.0734068 -0.0492617 -0.0749811 0.0733311 -0.0631919 0.0793381 -0.0077692 0.0566253 0.0803420 0.0408226 0.0545604 0.0369640 0.1328492 0.0140787 0.0355563 0.0033693 0.0939050 -0.0433954 -0.1503603 -0.0607614 0.0886788 0.0566349 0.0716055 0.0232778 0.0098363 -0.1222473 -0.1721495 -0.0965928 0.0476480 -0.0988662 -0.1170742
-0.1017980 -0.1323822 0.0426134 0.0514935 -0.0713366 -0.0809104 -0.0647155 0.0562749 0.0540724 0.0553435 -0.0796507 0.0565658 0.0592859 0.0530735 0.0330651 0.5764662 0.0561295 0.0582699 0.0592601 0.0559985 0.0491922 0.0468918 0.0584636 0.0528677 -0.0049785 -0.0779417 -0.0626034 0.0536967 -0.0671372 0.0546600 0.0565570 -0.0586423 -0.0771759 0.0629621 0.0491692 0.0600109 0.0587681 0.0553515 0.0534791 0.0573619 -0.0990340 0.0547060 0.0540223 -0.0753820 0.0521504 -0.0624178 -0.1321322 -0.0766662 -0.0639890 -0.0648283 0.0495214 -0.0645069 0.0562106 -0.0444398 0.0512742 0.0551628 0.0568435 0.0566416 0.0538177 0.0576639 0.0604919 -0.0288509 -0.0367039 0.0526379 -0.0563305 -0.1209906 -0.0833957 0.0591587 0.0523783 0.0541360 0.0574729 0.0528411 -0.0865005 -0.1288484 -0.0801646 0.0594448 -0.0771945 -0.0953463
-0.0966802 -0.1229040 -0.0014147 0.0408797 -0.0662325 -0.0807226 -0.0690159 0.0428009 0.0682744 0.0549226 -0.0743848 0.0642558 0.0587605 0.0527499 0.0089342 0.0561295 0.6119844 0.0610901 0.0646503 0.0658700 0.0376561 0.0497931 0.0466219 0.0663775 -0.0240447 -0.0758699 -0.0594532 0.0553146 -0.0663596 0.0553921 0.0630817 -0.0677232 -0.0711290 0.0694919 0.0520886 0.0514121 0.0663501 0.0377693 0.0602573 0.0558655 -0.0999821 0.0624409 0.0430890 -0.0738456 0.0523238 -0.0676923 -0.1231168 -0.0769879 -0.0653837 -0.0634644 0.0422587 -0.0641992 0.0464161 -0.0514701 0.0513261 0.0480495 0.0543591 0.0548587 0.0549192 0.0416042 0.0625099 -0.0424883 -0.0481447 0.0506313 -0.0602823 -0.1151425 -0.0880093 0.0500957 0.0489934 0.0521493 0.0654263 0.0627130 -0.0708841 -0.1187265 -0.0749861 0.0591004 -0.0648363 -0.0902536
-0.1021853 -0.1301536 0.0306247 0.0436461 -0.0718357 -0.0813774 -0.0721488 0.0497977 0.0648393 0.0571658 -0.0787543 0.0615213 0.0598773 0.0537516 0.0307449 0.0582699 0.0610901 0.5811588 0.0580135 0.0596589 0.0491704 0.0527269 0.0549936 0.0554024 -0.0114100 -0.0788889 -0.0605830 0.0577771 -0.0568951 0.0563687 0.0607362 -0.0587670 -0.0764860 0.0615089 0.0579792 0.0505152 0.0558691 0.0514163 0.0550603 0.0580999 -0.1018427 0.0596231 0.0490597 -0.0781915 0.0538605 -0.0662809 -0.1296566 -0.0721501 -0.0684822 -0.0608589 0.0470633 -0.0585686 0.0518273 -0.0464049 0.0507943 0.0518788 0.0542642 0.0542755 0.0575795 0.0552656 0.0606429 -0.0343631 -0.0406004 0.0554710 -0.0611088 -0.1175803 -0.0828943 0.0555331 0.0571417 0.0550769 0.0560391 0.0529808 -0.0877617 -0.1241033 -0.0865726 0.0578079 -0.0751188 -0.0942018
-0.1051067 -0.1255753 0.0177418 0.0498353 -0.0694896 -0.0858399 -0.0681140 0.0468494 0.0624140 0.0484393 -0.0782496 0.0675042 0.0626667 0.0552734 0.0240545 0.0592601 0.0646503 0.0580135 0.5822072 0.0631862 0.0473333 0.0520470 0.0543847 0.0672628 -0.0197898 -0.0754203 -0.0605877 0.0566762 -0.0617759 0.0571285 0.0636752 -0.0642094 -0.0763225 0.0627831 0.0632581 0.0493823 0.0574658 0.0458426 0.0531552 0.0548152 -0.1011724 0.0625936 0.0506041 -0.0745759 0.0530379 -0.0656940 -0.1253633 -0.0721448 -0.0604763 -0.0642569 0.0479989 -0.0688968 0.0537687 -0.0507255 0.0512579 0.0561484 0.0565447 0.0543815 0.0611310 0.0504841 0.0615860 -0.0397592 -0.0435221 0.0549602 -0.0627836 -0.1175076 -0.0831119 0.0493736 0.0510427 0.0545486 0.0594028 0.0578529 -0.0756200 -0.1205658 -0.0840985 0.0577682 -0.0739360 -0.0976969
-0.0892385 -0.1235832 -0.0135824 0.0361441 -0.0610184 -0.0839159 -0.0734614 0.0331052 0.0666163 0.0583603 -0.0670041 0.0699516 0.0604117 0.0500612 0.0003476 0.0559985 0.0658700 0.0596589 0.0631862 0.6127654 0.0422332 0.0526900 0.0426336 0.0707033 -0.0329907 -0.0756726 -0.0603159 0.0677826 -0.0616741 0.0600999 0.0610447 -0.0622713 -0.0700785 0.0643465 0.0539107 0.0496992 0.0662845 0.0409025 0.0607282 0.0514704 -0.0979867 0.0647219 0.0371083 -0.0738378 0.0511044 -0.0618736 -0.1233892 -0.0803032 -0.0639496 -0.0617018 0.0460473 -0.0674463 0.0439155 -0.0537624 0.0528026 0.0528390 0.0534964 0.0551657 0.0570554 0.0383752 0.0625212 -0.0442581 -0.0527434 0.0440126 -0.0626986 -0.1121964 -0.0874399 0.0466915 0.0465212 0.0475716 0.0634145 0.0619028 -0.0757667 -0.1179065 -0.0693538 0.0561009 -0.0693933 -0.0811971
-0.1383162 -0.1342959 0.1302190 0.0677331 -0.0827782 -0.1015270 -0.0727331 0.0854298 0.0439187 0.0569577 -0.0948633 0.0424007 0.0446814 0.0564471 0.0769593 0.0491922 0.0376561 0.0491704 0.0473333 0.0422332 0.5307785 0.0554718 0.0849363 0.0467810 0.0377933 -0.0899571 -0.0818405 0.0518383 -0.0675286 0.0568086 0.0510115 -0.0545546 -0.0942786 0.0491297 0.0587463 0.0601770 0.0479691 0.0882798 0.0615102 0.0598734 -0.0888488 0.0546614 0.0869521 -0.0772978 0.0610281 -0.0697312 -0.1341358 -0.0867418 -0.0678802 -0.0742370 0.0694502 -0.0705974 0.0660160 -0.0307563 0.0590817 0.0718677 0.0576201 0.0596931 0.0539125 0.0923148 0.0413485 0.0062059 -0.0263784 0.0801379 -0.0642771 -0.1161484 -0.0568859 0.0740349 0.0549363 0.0651055 0.0458452 0.0430751 -0.1110697 -0.1277260 -0.1082833 0.0565629 -0.0954446 -0.1282048
-0.1044021 -0.1268340 0.0448199 0.0531981 -0.0754341 -0.0860158 -0.0670766 0.0539070 0.0544940 0.0488835 -0.0729880 0.0542458 0.0511866 0.0512763 0.0346986 0.0468918 0.0497931 0.0527269 0.0520470 0.0526900 0.0554718 0.5717989 0.0577577 0.0574469 -0.0060091 -0.0766267 -0.0637060 0.0566112 -0.0560110 0.0532364 0.0611224 -0.0510563 -0.0724783 0.0574919 0.0577299 0.0526425 0.0534806 0.0554112 0.0551989 0.0584107 -0.0942619 0.0531577 0.0530444 -0.0804305 0.0542391 -0.0558005 -0.1263243 -0.0779454 -0.0549922 -0.0633465 0.0525027 -0.0631013 0.0513711 -0.0358247 0.0510508 0.0549295 0.0489218 0.0565449 0.0474806 0.0578503 0.0479222 -0.0249732 -0.0352668 0.0571521 -0.0601545 -0.1099374 -0.0722870 0.0554574 0.0541471 0.0534040 0.0492293 0.0524115 -0.0880039 -0.1220780 -0.0859769 0.0527866 -0.0803783 -0.0959499
-0.1681257 -0.1572257 0.1938830 0.0862203 -0.1067129 -0.1242612 -0.0860780 0.1117686 0.0482528 0.0610554 -0.1157987 0.0440852 0.0512480 0.0705732 0.1095223 0.0584636 0.0466219 0.0549936 0.0543847 0.0426336 0.0849363 0.0577577 0.5103941 0.0468909 0.0650383 -0.1193732 -0.0951792 0.0580192 -0.0853221 0.0615338 0.0529273 -0.0582934 -0.1143674 0.0560302 0.0713922 0.0684661 0.0643842 0.1192930 0.0670953 0.0774146 -0.0998382 0.0594169 0.1138117 -0.0944660 0.0753789 -0.0815240 -0.1570342 -0.1172772 -0.0827627 -0.0915002 0.0890920 -0.0821608 0.0870828 -0.0332718 0.0735714 0.0925008 0.0610691 0.0769278 0.0607128 0.1273405 0.0417894 0.0277402 -0.0224136 0.0967005 -0.0725580 -0.1348405 -0.0599822 0.0950817 0.0724958 0.0812862 0.0517409 0.0470533 -0.1340596 -0.1496605 -0.1288747 0.0697462 -0.1182916 -0.1546440
-0.0915538 -0.1396852 0.0005300 0.0432708 -0.0697688 -0.0792019 -0.0711596 0.0439718 0.0692779 0.0630879 -0.0758406 0.0744504 0.0618144 0.0546274 0.0082046 0.0528677 0.0663775 0.0554024 0.0672628 0.0707033 0.0467810 0.0574469 0.0468909 0.6049763 -0.0263755 -0.0798169 -0.0630485 0.0528659 -0.0619557 0.0614201 0.0628453 -0.0605224 -0.0740916 0.0688744 0.0581437 0.0560357 0.0639604 0.0425677 0.0570095 0.0508826 -0.1079588 0.0629309 0.0419460 -0.0736844 0.0593940 -0.0637088 -0.1392875 -0.0783402 -0.0631281 -0.0622155 0.0499644 -0.0572897 0.0458540 -0.0518616 0.0558057 0.0515929 0.0560419 0.0507887 0.0646563 0.0424410 0.0629557 -0.0491189 -0.0492729 0.0496360 -0.0637616 -0.1208015 -0.0914147 0.0504516 0.0533832 0.0545836 0.0605865 0.0651821 -0.0747921 -0.1331736 -0.0779474 0.0601801 -0.0714171 -0.0806007
-0.1632763 0.1617343 0.1776709 0.0414152 -0.0940854 -0.1036286 -0.0774989 0.0702785 -0.0229174 -0.0020428 -0.1081930 -0.0258886 -0.0179471 0.0066852 0.0708811 -0.0049785 -0.0240447 -0.0114100 -0.0197898 -0.0329907 0.0377933 -0.0060091 0.0650383 -0.0263755 0.5550047 -0.0820870 -0.0958152 -0.0072630 -0.0677952 -0.0060478 -0.0152019 -0.0507252 -0.1068556 -0.0154086 0.0045439 0.0115822 -0.0088170 0.0799609 -0.0033439 0.0221874 0.1562087 -0.0100674 0.0725410 -0.0663331 0.0164513 -0.0748052 0.1618606 -0.0867782 -0.0707161 -0.0732000 0.0418285 -0.0678874 0.0400465 -0.0128493 0.0153804 0.0375250 0.0010766 0.0138988 -0.0092941 0.0844519 -0.0238024 0.1572111 -0.0127341 0.0439042 -0.0545361 0.1506984 0.1463945 0.0442536 0.0100276 0.0235139 -0.0168667 -0.0270670 -0.1199639 0.1569701 -0.1150881 0.0001402 -0.0825142 -0.1568488
0.1554427 0.0509583 -0.1479712 -0.0957150 0.1593913 0.1300638 0.1128273 -0.1146191 -0.0780864 -0.0831135 0.1200932 -0.0826096 -0.0777697 -0.0844409 -0.0833021 -0.0779417 -0.0758699 -0.0788889 -0.0754203 -0.0756726 -0.0899571 -0.0766267 -0.1193732 -0.0798169 -0.0820870 0.7367812 0.1016604 -0.0801381 0.0995621 -0.0837465 -0.0829530 0.0625814 0.1582860 -0.0847383 -0.0868235 -0.0882963 -0.0803899 -0.1190622 -0.0868568 -0.0940629 0.0331453 -0.0849696 -0.1126346 0.1413782 -0.0920174 0.1100526 0.0509125 0.1490067 0.1450174 0.1076175 -0.0998243 0.0961326 -0.0996915 0.0681495 -0.0836514 -0.1041401 -0.0827534 -0.0921897 -0.0825106 -0.1253379 -0.0781390 -0.0580962 0.0429338 -0.1086336 0.0958283 0.0555577 0.0151349 -0.1027520 -0.0902263 -0.0976395 -0.0768572 -0.0643840 0.1084036 0.0482377 0.1425537 -0.0855484 0.1630090 0.1420457
0.1887692 -0.0279902 -0.1250386 -0.0778101 0.1088878 0.1491113 0.1165463 -0.0996756 -0.0660206 -0.0600509 0.1289513 -0.0616118 -0.0639655 -0.0676780 -0.0695414 -0.0626034 -0.0594532 -0.0605830 -0.0605877 -0.0603159 -0.0818405 -0.0637060 -0.0951792 -0.0630485 -0.0958152 0.1016604 0.7159609 -0.0664407 0.0978488 -0.0666436 -0.0583878 0.1028693 0.1288024 -0.0597259 -0.0667329 -0.0677761 -0.0682614 -0.1018595 -0.0726657 -0.0786990 -0.0393536 -0.0615077 -0.0952711 0.0782163 -0.0763463 0.1105535 -0.0282364 0.1387047 0.0517682 0.1134768 -0.0844416 0.0822830 -0.0827878 0.0363329 -0.0742689 -0.0834132 -0.0670828 -0.0709004 -0.0634664 -0.1037357 -0.0603048 -0.0832925 0.0604103 -0.0859863 0.0998068 -0.0277831 -0.0566299 -0.0892201 -0.0694455 -0.0763011 -0.0612302 -0.0600124 0.1354124 -0.0284415 0.1426070 -0.0694174 0.1058412 0.1816144
-0.1089885 -0.1290444 0.0339678 0.0494486 -0.0777116 -0.0872241 -0.0697780 0.0503709 0.0616688 0.0570092 -0.0766086 0.0566332 0.0598641 0.0584121 0.0277695 0.0536967 0.0553146 0.0577771 0.0566762 0.0677826 0.0518383 0.0566112 0.0580192 0.0528659 -0.0072630 -0.0801381 -0.0664407 0.5867308 -0.0592671 0.0551324 0.0584620 -0.0644259 -0.0744721 0.0615804 0.0558515 0.0585202 0.0634058 0.0531320 0.0545559 0.0531726 -0.0976761 0.0563304 0.0515404 -0.0769716 0.0536022 -0.0630947 -0.1287767 -0.0814156 -0.0649336 -0.0609916 0.0509183 -0.0637530 0.0543746 -0.0465359 0.0523524 0.0583019 0.0501219 0.0559948 0.0562959 0.0591881 0.0556949 -0.0302469 -0.0469034 0.0586775 -0.0667333 -0.1165153 -0.0793479 0.0553722 0.0540163 0.0548166 0.0579017 0.0584826 -0.0869549 -0.1236475 -0.0855141 0.0544268 -0.0741481 -0.0988406
0.1009518 0.0236800 -0.1037318 -0.0723408 0.1211775 0.0977302 0.0664735 -0.0847647 -0.0583895 -0.0612789 0.0889938 -0.0630914 -0.0609501 -0.0724628 -0.0683518 -0.0671372 -0.0663596 -0.0568951 -0.0617759 -0.0616741 -0.0675286 -0.0560110 -0.0853221 -0.0619557 -0.0677952 0.0995621 0.0978488 -0.0592671 0.6898466 -0.0681955 -0.0614524 0.0531644 0.0980246 -0.0646691 -0.0648926 -0.0635317 -0.0634779 -0.0862300 -0.0669752 -0.0756941 0.0009572 -0.0656080 -0.0836414 0.0563332 -0.0713570 0.1298218 0.0232689 0.1054070 0.1108031 0.1057342 -0.0751415 0.1236007 -0.0740420 0.0348453 -0.0680142 -0.0746897 -0.0636487 -0.0683275 -0.0628499 -0.0920950 -0.0605297 -0.0527788 0.0371189 -0.0824485 0.0674865 0.0167217 0.0030401 -0.0810941 -0.0650633 -0.0731749 -0.0614045 -0.0640927 0.1349614 0.0232804 0.0860627 -0.0666069 0.1060479 0.0944979
-0.1135931 -0.1432502 0.0544958 0.0526465 -0.0742013 -0.0920682 -0.0699973 0.0613775 0.0539440 0.0653325 -0.0809304 0.0543584 0.0595808 0.0569548 0.0378023 0.0546600 0.0553921 0.0563687 0.0571285 0.0600999 0.0568086 0.0532364 0.0615338 0.0614201 -0.0060478 -0.0837465 -0.0666436 0.0551324 -0.0681955 0.5676942 0.0651822 -0.0619835 -0.0773276 0.0582231 0.0583822 0.0554070 0.0591612 0.0617240 0.0590260 0.0609991 -0.1049112 0.0592580 0.0586406 -0.0736759 0.0586486 -0.0669715 -0.1435297 -0.0850548 -0.0635865 -0.0674380 0.0584424 -0.0639037 0.0582319 -0.0465048 0.0597325 0.0633422 0.0547020 0.0615229 0.0588365 0.0686318 0.0567667 -0.0284007 -0.0391571 0.0643195 -0.0607676 -0.1288071 -0.0831796 0.0619940 0.0570264 0.0638136 0.0619104 0.0567607 -0.0926456 -0.1350709 -0.0898805 0.0556975 -0.0828461 -0.1022351
-0.1033518 -0.1352491 0.0282903 0.0453027 -0.0722000 -0.0833340 -0.0695962 0.0530209 0.0643895 0.0519398 -0.0787372 0.0669794 0.0612781 0.0531801 0.0232534 0.0565570 0.0630817 0.0607362 0.0636752 0.0610447 0.0510115 0.0611224 0.0529273 0.0628453 -0.0152019 -0.0829530 -0.0583878 0.0584620 -0.0614524 0.0651822 0.5869840 -0.0647164 -0.0772768 0.0679905 0.0568666 0.0521229 0.0579617 0.0500691 0.0578582 0.0588404 -0.1037287 0.0582974 0.0493640 -0.0758399 0.0544086 -0.0677714 -0.1353475 -0.0856074 -0.0632371 -0.0661616 0.0545265 -0.0682965 0.0548938 -0.0490071 0.0546121 0.0577624 0.0613617 0.0557033 0.0568831 0.0578074 0.0542364 -0.0386363 -0.0416434 0.0535325 -0.0603349 -0.1226543 -0.0826330 0.0545667 0.0536446 0.0581162 0.0625365 0.0642567 -0.0829696 -0.1323411 -0.0821511 0.0579094 -0.0799540 -0.0965333
0.1646640 -0.0358029 -0.0300680 -0.0539077 0.0733504 0.1156329 0.0987752 -0.0558345 -0.0643551 -0.0546329 0.1296529 -0.0656198 -0.0579853 -0.0557913 -0.0230383 -0.0586423 -0.0677232 -0.0587670 -0.0642094 -0.0622713 -0.0545546 -0.0510563 -0.0582934 -0.0605224 -0.0507252 0.0625814 0.1028693 -0.0644259 0.0531644 -0.0619835 -0.0647164 0.6281395 0.0899546 -0.0621712 -0.0574086 -0.0560324 -0.0591405 -0.0569682 -0.0610581 -0.0602479 -0.0320967 -0.0620366 -0.0545989 0.1019126 -0.0592661 0.0765720 -0.0361321 0.0680483 0.0578470 0.0819224 -0.0550850 0.0729333 -0.0568340 0.0328114 -0.0555196 -0.0586116 -0.0547115 -0.0580378 -0.0610607 -0.0576172 -0.0632852 -0.0427980 0.0548699 -0.0565961 0.0718953 -0.0242628 -0.0283599 -0.0591268 -0.0593211 -0.0580411 -0.0651234 -0.0608976 0.1110037 -0.0352529 0.0983568 -0.0581335 0.0489166 0.1606155
0.1590473 0.0041273 -0.1552209 -0.0933743 0.1873561 0.1915525 0.1111697 -0.1126721 -0.0749060 -0.0808484 0.1415489 -0.0762605 -0.0753978 -0.0801797 -0.0820822 -0.0771759 -0.0711290 -0.0764860 -0.0763225 -0.0700785 -0.0942786 -0.0724783 -0.1143674 -0.0740916 -0.1068556 0.1582860 0.1288024 -0.0744721 0.0980246 -0.0773276 -0.0772768 0.0899546 0.7663395 -0.0782729 -0.0798728 -0.0838753 -0.0764702 -0.1235213 -0.0757933 -0.0912513 -0.0136681 -0.0819072 -0.1158640 0.1483179 -0.0923223 0.1240415 0.0042577 0.1467348 0.1764947 0.0975120 -0.0992307 0.1068875 -0.0972717 0.0465720 -0.0836982 -0.0970599 -0.0834004 -0.0845266 -0.0773165 -0.1242496 -0.0760912 -0.0856971 0.0242050 -0.1039910 0.1039519 0.0139681 -0.0220764 -0.1046693 -0.0877978 -0.0954355 -0.0699711 -0.0701551 0.1088877 0.0020901 0.1689548 -0.0814459 0.1194322 0.1521957
-0.1122180 -0.1272407 0.0156269 0.0511184 -0.0745834 -0.0903197 -0.0728510 0.0461744 0.0649609 0.0559306 -0.0800098 0.0664119 0.0668978 0.0579633 0.0167409 0.0629621 0.0694919 0.0615089 0.0627831 0.0643465 0.0491297 0.0574919 0.0560302 0.0688744 -0.0154086 -0.0847383 -0.0597259 0.0615804 -0.0646691 0.0582231 0.0679905 -0.0621712 -0.0782729 0.5907619 0.0555216 0.0600917 0.0644126 0.0507616 0.0674489 0.0555041 -0.0962958 0.0628339 0.0494301 -0.0807953 0.0561436 -0.0710448 -0.1274790 -0.0886800 -0.0712319 -0.0645295 0.0555527 -0.0725491 0.0546601 -0.0537176 0.0545035 0.0555497 0.0637105 0.0595215 0.0557050 0.0546005 0.0565632 -0.0346600 -0.0492587 0.0539608 -0.0695689 -0.1140839 -0.0832770 0.0538754 0.0522535 0.0566249 0.0664282 0.0609178 -0.0904279 -0.1220899 -0.0872557 0.0567737 -0.0752500 -0.0993665
-0.1126972 -0.1492840 0.0752916 0.0586078 -0.0744303 -0.0881605 -0.0707424 0.0680388 0.0519946 0.0572515 -0.0802007 0.0516316 0.0523282 0.0544464 0.0527408 0.0491692 0.0520886 0.0579792 0.0632581 0.0539107 0.0587463 0.0577299 0.0713922 0.0581437 0.0045439 -0.0868235 -0.0667329 0.0558515 -0.0648926 0.0583822 0.0568666 -0.0574086 -0.0798728 0.0555216 0.5618668 0.0570677 0.0573858 0.0695546 0.0565834 0.0639355 -0.1068674 0.0596649 0.0664199 -0.0772241 0.0601804 -0.0609675 -0.1489949 -0.0842410 -0.0699395 -0.0659030 0.0580310 -0.0671258 0.0630301 -0.0405307 0.0586956 0.0648989 0.0540634 0.0583276 0.0539001 0.0768667 0.0532631 -0.0226254 -0.0367225 0.0670045 -0.0661442 -0.1295446 -0.0825584 0.0673149 0.0607472 0.0629178 0.0539311 0.0505185 -0.1008135 -0.1427514 -0.0894333 0.0607888 -0.0877343 -0.1037188
-0.1186351 -0.1421998 0.0776963 0.0598304 -0.0761155 -0.0930102 -0.0667102 0.0702800 0.0515327 0.0564872 -0.0911356 0.0539057 0.0485073 0.0582168 0.0507707 0.0600109 0.0514121 0.0505152 0.0493823 0.0496992 0.0601770 0.0526425 0.0684661 0.0560357 0.0115822 -0.0882963 -0.0677761 0.0585202 -0.0635317 0.0554070 0.0521229 -0.0560324 -0.0838753 0.0600917 0.0570677 0.5595025 0.0522678 0.0695448 0.0606532 0.0577086 -0.1045498 0.0561533 0.0680231 -0.0746930 0.0596929 -0.0637955 -0.1423068 -0.0917631 -0.0654338 -0.0626912 0.0616400 -0.0665953 0.0615287 -0.0396264 0.0572396 0.0602519 0.0563585 0.0563918 0.0574559 0.0746055 0.0480388 -0.0159007 -0.0364056 0.0649983 -0.0593962 -0.1231684 -0.0770412 0.0657553 0.0612275 0.0621340 0.0562699 0.0543860 -0.0948274 -0.1341965 -0.0974498 0.0571714 -0.0852513 -0.1059768
-0.1070775 -0.1451110 0.0443893 0.0535889 -0.0721020 -0.0857670 -0.0659742 0.0598584 0.0596836 0.0580542 -0.0839614 0.0640109 0.0526683 0.0527078 0.0357482 0.0587681 0.0663501 0.0558691 0.0574658 0.0662845 0.0479691 0.0534806 0.0643842 0.0639604 -0.0088170 -0.0803899 -0.0682614 0.0634058 -0.0634779 0.0591612 0.0579617 -0.0591405 -0.0764702 0.0644126 0.0573858 0.0522678 0.5865014 0.0569815 0.0619219 0.0543564 -0.1083346 0.0573963 0.0558117 -0.0758482 0.0556681 -0.0649218 -0.1445692 -0.0820569 -0.0654486 -0.0634851 0.0537164 -0.0596417 0.0513597 -0.0437498 0.0555370 0.0582693 0.0560576 0.0593043 0.0547662 0.0640242 0.0577620 -0.0318965 -0.0432883 0.0574529 -0.0604332 -0.1282635 -0.0863550 0.0621881 0.0552392 0.0625890 0.0572096 0.0558081 -0.0881509 -0.1404207 -0.0885110 0.0553104 -0.0787594 -0.1005896
-0.1765528 -0.1516914 0.2216595 0.0918687 -0.1066826 -0.1331484 -0.0874111 0.1211655 0.0401597 0.0626942 -0.1219235 0.0407803 0.0491672 0.0638531 0.1193685 0.0553515 0.0377693 0.0514163 0.0458426 0.0409025 0.0882798 0.0554112 0.1192930 0.0425677 0.0799609 -0.1190622 -0.1018595 0.0531320 -0.0862300 0.0617240 0.0500691 -0.0569682 -0.1235213 0.0507616 0.0695546 0.0695448 0.0569815 0.5035044 0.0657705 0.0802847 -0.0932731 0.0534331 0.1224476 -0.0911329 0.0783453 -0.0864244 -0.1515382 -0.1216843 -0.0817339 -0.0973139 0.0910187 -0.0849121 0.0908665 -0.0273911 0.0732023 0.0970305 0.0624223 0.0742576 0.0571844 0.1381486 0.0441314 0.0432185 -0.0171613 0.1014052 -0.0734914 -0.1275500 -0.0481740 0.1008918 0.0689214 0.0883300 0.0488990 0.0389240 -0.1437827 -0.1428280 -0.1357559 0.0659192 -0.1223210 -0.1592257
-0.1157629 -0.1469974 0.0559870 0.0504420 -0.0764748 -0.0888029 -0.0687585 0.0614955 0.0564075 0.0587473 -0.0875330 0.0584412 0.0662226 0.0581292 0.0385360 0.0534791 0.0602573 0.0550603 0.0531552 0.0607282 0.0615102 0.0551989 0.0670953 0.0570095 -0.0033439 -0.0868568 -0.0726657 0.0545559 -0.0669752 0.0590260 0.0578582 -0.0610581 -0.0757933 0.0674489 0.0565834 0.0606532 0.0619219 0.0657705 0.5775492 0.0606311 -0.1060463 0.0575788 0.0598530 -0.0792174 0.0622383 -0.0689325 -0.1468745 -0.0856336 -0.0673201 -0.0659397 0.0610895 -0.0635218 0.0587156 -0.0450248 0.0593224 0.0616101 0.0559163 0.0574870 0.0608355 0.0671185 0.0613432 -0.0277876 -0.0401169 0.0653826 -0.0658959 -0.1304561 -0.0876649 0.0654135 0.0560869 0.0599903 0.0590662 0.0587850 -0.0917289 -0.1397406 -0.0866590 0.0621735 -0.0837077 -0.1021499
-0.1300927 -0.1390114 0.1025438 0.0640917 -0.0861992 -0.1047024 -0.0716983 0.0770656 0.0555704 0.0553943 -0.0950644 0.0518879 0.0548668 0.0548471 0.0611302 0.0573619 0.0558655 0.0580999 0.0548152 0.0514704 0.0598734 0.0584107 0.0774146 0.0508826 0.0221874 -0.0940629 -0.0786990 0.0531726 -0.0756941 0.0609991 0.0588404 -0.0602479 -0.0912513 0.0555041 0.0639355 0.0577086 0.0543564 0.0802847 0.0606311 0.5460120 -0.0951054 0.0550764 0.0786554 -0.0777521 0.0651784 -0.0706993 -0.1386364 -0.0953495 -0.0733898 -0.0777365 0.0699816 -0.0718261 0.0675920 -0.0388320 0.0554341 0.0722391 0.0581884 0.0610363 0.0567260 0.0873555 0.0512135 -0.0050611 -0.0313217 0.0710039 -0.0659176 -0.1206469 -0.0680782 0.0720434 0.0604759 0.0664675 0.0529051 0.0538074 -0.1090972 -0.1328472 -0.1043064 0.0625406 -0.0939111 -0.1198364
-0.0478054 0.6565691 -0.1312341 -0.0850784 -0.0277656 -0.0016526 -0.0409315 -0.1014485 -0.0985178 -0.1020737 -0.0043448 -0.0998188 -0.1017839 -0.1020781 -0.1120881 -0.0990340 -0.0999821 -0.1018427 -0.1011724 -0.0979867 -0.0888488 -0.0942619 -0.0998382 -0.1079588 0.1562087 0.0331453 -0.0393536 -0.0976761 0.0009572 -0.1049112 -0.1037287 -0.0320967 -0.0136681 -0.0962958 -0.1068674 -0.1045498 -0.1083346 -0.0932731 -0.1060463 -0.0951054 0.7465097 -0.1001974 -0.0974992 0.0023575 -0.1020637 -0.0268791 0.6562600 0.0225650 -0.0224664 0.0099713 -0.0891193 -0.0098316 -0.0897132 -0.0097502 -0.1014837 -0.1033656 -0.1009122 -0.0995249 -0.1055789 -0.1082272 -0.0985364 0.2361793 -0.0253241 -0.1041371 -0.0284018 0.6322769 0.4372221 -0.1004096 -0.0981695 -0.1084497 -0.1019100 -0.1053990 0.0037388 0.6393066 0.0008796 -0.1127637 0.0261310 -0.0533794
-0.1028601 -0.1323935 0.0359345 0.0486372 -0.0740412 -0.0846492 -0.0634519 0.0551735 0.0613054 0.0577071 -0.0862963 0.0649422 0.0580486 0.0538353 0.0291169 0.0547060 0.0624409 0.0596231 0.0625936 0.0647219 0.0546614 0.0531577 0.0594169 0.0629309 -0.0100674 -0.0849696 -0.0615077 0.0563304 -0.0656080 0.0592580 0.0582974 -0.0620366 -0.0819072 0.0628339 0.0596649 0.0561533 0.0573963 0.0534331 0.0575788 0.0550764 -0.1001974 0.5790830 0.0543437 -0.0832050 0.0562211 -0.0672032 -0.1324550 -0.0779070 -0.0707076 -0.0653597 0.0504637 -0.0695831 0.0510349 -0.0484383 0.0575615 0.0535722 0.0573441 0.0593766 0.0579930 0.0605961 0.0573190 -0.0351883 -0.0444808 0.0606573 -0.0668742 -0.1184120 -0.0828437 0.0560731 0.0571007 0.0574154 0.0595329 0.0653301 -0.0796611 -0.1268952 -0.0900316 0.0583611 -0.0825705 -0.0970514
-0.1697508 -0.1551511 0.2113201 0.0888004 -0.1042117 -0.1268652 -0.0813628 0.1172587 0.0460622 0.0612070 -0.1183038 0.0382358 0.0436340 0.0600910 0.1163016 0.0540223 0.0430890 0.0490597 0.0506041 0.0371083 0.0869521 0.0530444 0.1138117 0.0419460 0.0725410 -0.1126346 -0.0952711 0.0515404 -0.0836414 0.0586406 0.0493640 -0.0545989 -0.1158640 0.0494301 0.0664199 0.0680231 0.0558117 0.1224476 0.0598530 0.0786554 -0.0974992 0.0543437 0.5082888 -0.0901275 0.0788564 -0.0796689 -0.1549114 -0.1171122 -0.0815156 -0.0909516 0.0869834 -0.0778557 0.0875585 -0.0256372 0.0709741 0.0965330 0.0599841 0.0693072 0.0529177 0.1299066 0.0425255 0.0369524 -0.0191768 0.0965399 -0.0673016 -0.1312706 -0.0559113 0.0948240 0.0695532 0.0835414 0.0446408 0.0383630 -0.1306414 -0.1474219 -0.1291202 0.0675257 -0.1146613 -0.1547270
0.1587561 0.0178154 -0.0940142 -0.0821041 0.1779035 0.1151863 0.1216657 -0.0922503 -0.0799621 -0.0685389 0.0991309 -0.0791383 -0.0725456 -0.0760543 -0.0612837 -0.0753820 -0.0738456 -0.0781915 -0.0745759 -0.0738378 -0.0772978 -0.0804305 -0.0944660 -0.0736844 -0.0663331 0.1413782 0.0782163 -0.0769716 0.0563332 -0.0736759 -0.0758399 0.1019126 0.1483179 -0.0807953 -0.0772241 -0.0746930 -0.0758482 -0.0911329 -0.0792174 -0.0777521 0.0023575 -0.0832050 -0.0901275 0.6847879 -0.0793895 0.0291744 0.0179485 0.1072500 0.1540347 0.0550764 -0.0812869 0.0762374 -0.0836232 0.0708229 -0.0782779 -0.0866523 -0.0745840 -0.0806195 -0.0768424 -0.1004889 -0.0733347 -0.0448252 0.0502821 -0.0879788 0.1032465 0.0226075 0.0001554 -0.0889541 -0.0775803 -0.0832974 -0.0782790 -0.0747679 0.1594824 0.0189748 0.1070257 -0.0749513 0.1295415 0.1535417
-0.1280672 -0.1447666 0.0935687 0.0620581 -0.0814756 -0.0984138 -0.0745901 0.0762108 0.0512786 0.0558074 -0.0891230 0.0563193 0.0553071 0.0563240 0.0574691 0.0521504 0.0523238 0.0538605 0.0530379 0.0511044 0.0610281 0.0542391 0.0753789 0.0593940 0.0164513 -0.0920174 -0.0763463 0.0536022 -0.0713570 0.0586486 0.0544086 -0.0592661 -0.0923223 0.0561436 0.0601804 0.0596929 0.0556681 0.0783453 0.0622383 0.0651784 -0.1020637 0.0562211 0.0788564 -0.0793895 0.5547369 -0.0658560 -0.1446687 -0.0912090 -0.0655775 -0.0710243 0.0653963 -0.0670677 0.0667856 -0.0397243 0.0603399 0.0679221 0.0588413 0.0575916 0.0565921 0.0821998 0.0536633 -0.0119007 -0.0342224 0.0736478 -0.0620280 -0.1266636 -0.0747312 0.0684366 0.0608184 0.0658235 0.0549577 0.0543360 -0.1016842 -0.1375996 -0.1006458 0.0615312 -0.0904924 -0.1153951
0.1452257 -0.0128396 -0.0877675 -0.0709198 0.1140048 0.1332406 0.0909489 -0.0810697 -0.0587231 -0.0655858 0.1409761 -0.0624845 -0.0642234 -0.0675840 -0.0526268 -0.0624178 -0.0676923 -0.0662809 -0.0656940 -0.0618736 -0.0697312 -0.0558005 -0.0815240 -0.0637088 -0.0748052 0.1100526 0.1105535 -0.0630947 0.1298218 -0.0669715 -0.0677714 0.0765720 0.1240415 -0.0710448 -0.0609675 -0.0637955 -0.0649218 -0.0864244 -0.0689325 -0.0706993 -0.0268791 -0.0672032 -0.0796689 0.0291744 -0.0658560 0.6795830 -0.0131327 0.1264941 0.0726190 0.1108238 -0.0711296 0.0899476 -0.0718319 0.0339111 -0.0667204 -0.0754055 -0.0633878 -0.0644139 -0.0646063 -0.0865048 -0.0590011 -0.0627929 0.0345333 -0.0756652 0.0745349 -0.0188230 -0.0287355 -0.0775272 -0.0661916 -0.0729019 -0.0624026 -0.0540060 0.1012779 -0.0167292 0.1233371 -0.0632597 0.1003328 0.1313379
-0.0050149 0.9843490 -0.2339109 -0.1275778 0.0050228 0.0261602 -0.0175347 -0.1560262 -0.1225193 -0.1425772 0.0099324 -0.1247030 -0.1290250 -0.1369428 -0.1757547 -0.1321322 -0.1231168 -0.1296566 -0.1253633 -0.1233892 -0.1341358 -0.1263243 -0.1570342 -0.1392875 0.1618606 0.0509125 -0.0282364 -0.1287767 0.0232689 -0.1435297 -0.1353475 -0.0361321 0.0042577 -0.1274790 -0.1489949 -0.1423068 -0.1445692 -0.1515382 -0.1468745 -0.1386364 0.6562600 -0.1324550 -0.1549114 0.0179485 -0.1446687 -0.0131327 0.9949130 0.0495830 -0.0094187 0.0311439 -0.1298540 -0.0087752 -0.1339781 -0.0012337 -0.1395732 -0.1516854 -0.1335759 -0.1385933 -0.1398196 -0.1700063 -0.1269916 0.2651534 -0.0348002 -0.1569600 -0.0074297 0.7574649 0.5043218 -0.1466402 -0.1397042 -0.1534083 -0.1292246 -0.1283383 0.0442969 0.9321660 0.0226963 -0.1495677 0.0665333 -0.0322016
0.1903667 0.0489944 -0.1440077 -0.0967591 0.1258534 0.1735993 0.0791776 -0.1145795 -0.0783864 -0.0848881 0.1446544 -0.0777650 -0.0826325 -0.0857999 -0.0734068 -0.0766662 -0.0769879 -0.0721501 -0.0721448 -0.0803032 -0.0867418 -0.0779454 -0.1172772 -0.0783402 -0.0867782 0.1490067 0.1387047 -0.0814156 0.1054070 -0.0850548 -0.0856074 0.0680483 0.1467348 -0.0886800 -0.0842410 -0.0917631 -0.0820569 -0.1216843 -0.0856336 -0.0953495 0.0225650 -0.0779070 -0.1171122 0.1072500 -0.0912090 0.1264941 0.0495830 0.7416384 0.1308627 0.1230339 -0.1034893 0.0816358 -0.1018066 0.0600145 -0.0907062 -0.1050051 -0.0860606 -0.0883614 -0.0856087 -0.1267447 -0.0746388 -0.0626527 0.0370238 -0.1036680 0.1056362 0.0331400 -0.0067853 -0.1046896 -0.0834387 -0.0969188 -0.0754013 -0.0692302 0.1611845 0.0334592 0.1519544 -0.0876426 0.1132238 0.1563787
