0.8397532 -0.1457834 -0.1938800 -0.1243378 0.2517886 0.2576493 0.1961348 -0.1455079 -0.1140796 -0.0816461 0.2503236 -0.0877103 -0.0814851 -0.0976791 -0.0884078 -0.1285296 -0.0860852 -0.0952685 -0.0942508 -0.0895751 -0.1085350 -0.1290409 -0.1403299 -0.1173190 -0.1797305 0.2568338 0.2432283 -0.1332130 0.2228685 -0.0907021 -0.1219565 0.1623746 0.2078165 -0.1207928 -0.0965579 -0.0979726 -0.0909829 -0.1491483 -0.0963602 -0.1152505 -0.1429790 -0.0906354 -0.1354846 -0.0847861 -0.1430203 0.1913314 -0.1459491 0.2635446 0.2199290 -0.0557153 -0.1166225 0.1838342 -0.1185699 0.1492484 -0.1105829 -0.1209542 -0.1039437 -0.1079293 -0.1276592 -0.1534016 -0.0881857 -0.1721142 0.1463475 -0.1505727 -0.0027669 -0.1403521 -0.1513150 -0.1171668 -0.0994977 -0.1113266 -0.0941948 -0.1168322 0.2934668 -0.1520057 0.3259936 -0.0893017 0.2510348 0.7610290
-0.1457834 0.9534476 -0.1628517 -0.0671602 -0.1387976 -0.1229103 -0.1453335 -0.1174066 0.0436333 -0.0457316 -0.1337990 -0.0341271 -0.0354105 -0.0471989 -0.1271438 0.0317690 -0.0348014 -0.0327751 -0.0309820 -0.0199937 -0.0706137 0.0405833 -0.1125450 0.0398704 -0.0008883 -0.1238722 -0.1427336 0.0332618 -0.1351179 -0.0442785 0.0345579 -0.1428819 -0.1076332 0.0362824 -0.0482977 -0.0476693 -0.0346007 -0.1269868 -0.0347917 -0.0532968 0.3853280 -0.0371590 -0.1251876 0.0370005 0.0321149 -0.1329879 0.9410195 -0.1275185 -0.1472632 0.0448630 -0.0597040 -0.1321355 -0.0784312 -0.1533091 -0.0525494 -0.0807130 -0.0466133 -0.0488167 0.0369861 -0.1403938 -0.0299027 0.1079156 -0.1652426 -0.0286427 -0.0437975 0.4664712 0.3210233 -0.0857228 -0.0523772 -0.0608138 -0.0325181 0.0493216 -0.1379312 0.9004442 -0.1401474 -0.0499138 -0.1320676 -0.1540212
-0.1938800 -0.1628517 0.5204039 0.1143974 -0.1173599 -0.1382364 -0.0660115 0.1980931 -0.0424980 0.0249625 -0.1366053 -0.0244010 -0.0159937 0.0392451 0.2584063 -0.0011729 -0.0263944 -0.0038727 -0.0105141 -0.0377621 0.1068143 0.0049394 0.1761618 -0.0384567 0.2203335 -0.1306212 -0.1225660 -0.0047940 -0.0992811 0.0272304 -0.0127707 -0.0061217 -0.1285596 -0.0230085 0.0429280 0.0451311 0.0121797 0.2122456 0.0213999 0.0739042 -0.0398412 0.0016877 0.1983605 0.0011298 0.0496891 -0.0784787 -0.1628345 -0.1255226 -0.0709069 -0.0517371 0.1086750 -0.0625346 0.1111389 0.0228374 0.0669569 0.1136941 0.0301267 0.0570586 -0.0020429 0.2293826 -0.0230050 0.1586385 0.0364333 0.1182140 0.0114499 -0.0976897 0.0244177 0.1175587 0.0632081 0.0873009 -0.0056776 -0.0383766 -0.1750105 -0.1527483 -0.1597437 0.0337534 -0.1479255 -0.1710889
-0.1243378 -0.0671602 0.1143974 0.5751334 -0.0846515 -0.0883149 -0.0670835 0.0688198 0.0095017 0.0295808 -0.0873971 0.0234176 0.0242869 0.0350914 0.0557706 0.0181227 0.0264000 0.0252659 0.0252974 0.0207536 0.0488908 0.0223823 0.0676153 0.0130881 0.0663114 -0.0886646 -0.0865725 0.0199171 -0.0748617 0.0308209 0.0181911 -0.0354711 -0.0746091 0.0135886 0.0390997 0.0360843 0.0311967 0.0751722 0.0310374 0.0458737 -0.0184065 0.0285525 0.0688933 0.0028898 0.0295408 -0.0618654 -0.0669720 -0.0814625 -0.0667913 -0.0041702 0.0461850 -0.0554650 0.0515012 -0.0334858 0.0399272 0.0531855 0.0364233 0.0373032 0.0193037 0.0789135 0.0239058 0.0440520 -0.0290192 0.0478651 0.0017741 -0.0380645 -0.0026700 0.0559477 0.0390978 0.0442452 0.0269059 0.0123464 -0.0974388 -0.0633063 -0.1002564 0.0334263 -0.0963444 -0.1156107
0.2517886 -0.1387976 -0.1173599 -0.0846515 0.7061366 0.1837754 0.1891752 -0.0959067 -0.0954080 -0.0749511 0.2348465 -0.0643262 -0.0654994 -0.0733092 -0.0527387 -0.0992031 -0.0685026 -0.0746320 -0.0702628 -0.0635915 -0.0782448 -0.1054654 -0.0930640 -0.0998455 -0.1218907 0.2232186 0.2179217 -0.0957099 0.2091537 -0.0672689 -0.1011982 0.1090364 0.1720322 -0.1029692 -0.0729065 -0.0748258 -0.0714383 -0.0960263 -0.0695915 -0.0821979 -0.1239135 -0.0709323 -0.0863343 -0.0630231 -0.1083850 0.1493311 -0.1391001 0.1681602 0.1922175 -0.0701153 -0.0762262 0.1711374 -0.0808657 0.1349683 -0.0826895 -0.0827683 -0.0662896 -0.0793362 -0.0997767 -0.0979737 -0.0733519 -0.1235436 0.1449487 -0.1068831 -0.0054435 -0.1232259 -0.1207822 -0.0853722 -0.0743937 -0.0794547 -0.0577476 -0.1008982 0.2387396 -0.1378701 0.2236863 -0.0678166 0.2412836 0.2405847
0.2576493 -0.1229103 -0.1382364 -0.0883149 0.1837754 0.7305544 0.1768273 -0.1017794 -0.0847690 -0.0600854 0.2065516 -0.0728369 -0.0671480 -0.0713272 -0.0566597 -0.0914682 -0.0679522 -0.0738202 -0.0673045 -0.0628702 -0.0919448 -0.0992568 -0.1018354 -0.0885976 -0.1297810 0.1913906 0.2169083 -0.0869631 0.1888421 -0.0715851 -0.0916381 0.1106191 0.1799025 -0.0876352 -0.0777095 -0.0768850 -0.0740718 -0.1070399 -0.0741000 -0.0847088 -0.1105274 -0.0607364 -0.0990216 -0.0524960 -0.1056052 0.1710155 -0.1229074 0.2028699 0.1802766 -0.0557780 -0.0860406 0.1524209 -0.0849032 0.1281948 -0.0902887 -0.0894773 -0.0767873 -0.0821385 -0.0931920 -0.1098442 -0.0669863 -0.1283594 0.0867083 -0.1072449 -0.0076051 -0.1107682 -0.1147289 -0.0884973 -0.0816742 -0.0851489 -0.0605798 -0.0871321 0.2320181 -0.1234585 0.2672885 -0.0739524 0.2204856 0.2426555
0.1961348 -0.1453335 -0.0660115 -0.0670835 0.1891752 0.1768273 0.6356495 -0.0664152 -0.0867651 -0.0613099 0.1769899 -0.0632832 -0.0541137 -0.0586346 -0.0247532 -0.0832631 -0.0595755 -0.0715687 -0.0634726 -0.0684896 -0.0666447 -0.0909855 -0.0683332 -0.0898031 -0.0907749 0.1836308 0.1907695 -0.0919666 0.1750320 -0.0602037 -0.0860511 0.1037322 0.1407153 -0.0889192 -0.0670902 -0.0549019 -0.0646859 -0.0663674 -0.0643472 -0.0690928 -0.1132649 -0.0615725 -0.0592679 -0.0504620 -0.0915177 0.1585858 -0.1452629 0.1551713 0.1494664 -0.0589994 -0.0572461 0.1389011 -0.0635922 0.1137223 -0.0644574 -0.0645506 -0.0629508 -0.0678494 -0.0873758 -0.0685671 -0.0678332 -0.0981443 0.1131534 -0.0821120 -0.0088042 -0.1198197 -0.1066787 -0.0641700 -0.0569135 -0.0652846 -0.0602823 -0.0878475 0.2091416 -0.1428636 0.2006491 -0.0504784 0.2022716 0.1864308
-0.1455079 -0.1174066 0.1980931 0.0688198 -0.0959067 -0.1017794 -0.0664152 0.5595218 0.0081464 0.0325437 -0.0986802 0.0180063 0.0192763 0.0375290 0.1050680 0.0239081 0.0146200 0.0239620 0.0219542 0.0105268 0.0658870 0.0273218 0.0973227 0.0136806 0.1033354 -0.1011270 -0.0964900 0.0240128 -0.0850575 0.0343036 0.0207144 -0.0292867 -0.0918178 0.0179370 0.0415507 0.0411510 0.0286781 0.1105323 0.0316783 0.0534691 -0.0331161 0.0273671 0.1036671 0.0096750 0.0436551 -0.0703137 -0.1173118 -0.0959299 -0.0681670 -0.0106459 0.0647389 -0.0591635 0.0683627 -0.0197351 0.0512047 0.0696672 0.0363307 0.0480208 0.0240417 0.1204201 0.0187113 0.0687290 -0.0149127 0.0730024 0.0048996 -0.0617388 -0.0051666 0.0734946 0.0481254 0.0585869 0.0226689 0.0098541 -0.1236229 -0.1115802 -0.1181830 0.0384799 -0.1131441 -0.1327921
-0.1140796 0.0436333 -0.0424980 0.0095017 -0.0954080 -0.0847690 -0.0867651 0.0081464 0.6670021 0.0112131 -0.0917849 0.0244871 0.0189738 0.0099824 -0.0236005 0.0702175 0.0289920 0.0251660 0.0235689 0.0244349 0.0067615 0.0669933 0.0050982 0.0796049 0.0073254 -0.0886252 -0.0875458 0.0721776 -0.0951689 0.0173732 0.0745772 -0.0750090 -0.0816618 0.0775004 0.0151845 0.0128446 0.0256564 0.0003745 0.0165696 0.0164164 0.0464516 0.0235396 0.0033338 0.0406551 0.0619649 -0.0856891 0.0434957 -0.0930053 -0.0899847 0.0642944 0.0032807 -0.0777144 0.0067224 -0.0788162 0.0143365 0.0077736 0.0178010 0.0160646 0.0714990 0.0000069 0.0299365 0.0143173 -0.0830189 0.0393216 -0.0154705 0.0400383 0.0277431 0.0117941 0.0115001 0.0123051 0.0197314 0.0803283 -0.0928233 0.0400747 -0.0969289 0.0144729 -0.0922867 -0.1120244
-0.0816461 -0.0457316 0.0249625 0.0295808 -0.0749511 -0.0600854 -0.0613099 0.0325437 0.0112131 0.6186314 -0.0526666 0.0297025 0.0246256 0.0252996 0.0124391 0.0152587 0.0280900 0.0323360 0.0295216 0.0277249 0.0287336 0.0157789 0.0337803 0.0158051 0.0227640 -0.0711892 -0.0633690 0.0160689 -0.0586345 0.0263128 0.0162822 -0.0334082 -0.0574949 0.0172353 0.0281082 0.0240134 0.0280811 0.0361583 0.0272162 0.0305007 -0.0245098 0.0270989 0.0327733 -0.0068144 0.0186706 -0.0497342 -0.0457487 -0.0547633 -0.0513304 0.0014954 0.0257194 -0.0489882 0.0315274 -0.0411207 0.0309269 0.0290924 0.0337279 0.0314719 0.0154808 0.0374437 0.0335713 0.0084500 -0.0362853 0.0210584 -0.0027149 -0.0239744 -0.0094270 0.0294685 0.0285874 0.0316036 0.0246378 0.0167891 -0.0747567 -0.0436831 -0.0689985 0.0264830 -0.0725188 -0.0770522
0.2503236 -0.1337990 -0.1366053 -0.0873971 0.2348465 0.2065516 0.1769899 -0.0986802 -0.0917849 -0.0526666 0.7390047 -0.0629158 -0.0526728 -0.0647297 -0.0585177 -0.0973777 -0.0620974 -0.0713584 -0.0724123 -0.0624606 -0.0799074 -0.1018430 -0.0965341 -0.0955002 -0.1301550 0.1791354 0.1926654 -0.0996974 0.1790405 -0.0696338 -0.0906536 0.0935680 0.2065898 -0.0983538 -0.0662407 -0.0662397 -0.0710348 -0.0990659 -0.0691724 -0.0827856 -0.1201574 -0.0573040 -0.0937455 -0.0443173 -0.1092935 0.1916029 -0.1338343 0.1848893 0.1809189 -0.0467551 -0.0805469 0.1279078 -0.0801325 0.1047176 -0.0814223 -0.0848830 -0.0691387 -0.0786256 -0.0998934 -0.1041566 -0.0692811 -0.1277325 0.1318613 -0.1065277 -0.0133608 -0.1180690 -0.1198879 -0.0850400 -0.0652780 -0.0816360 -0.0651995 -0.0936488 0.2692623 -0.1348388 0.2035626 -0.0676090 0.2034126 0.2341622
-0.0877103 -0.0341271 -0.0244010 0.0234176 -0.0643262 -0.0728369 -0.0632832 0.0180063 0.0244871 0.0297025 -0.0629158 0.6506106 0.0402518 0.0287765 -0.0139399 0.0204427 0.0425757 0.0402278 0.0436318 0.0491033 0.0210210 0.0192175 0.0216013 0.0239037 0.0018065 -0.0657515 -0.0677535 0.0281425 -0.0620677 0.0271916 0.0236979 -0.0461717 -0.0605714 0.0313602 0.0256637 0.0310292 0.0373008 0.0184644 0.0335851 0.0297202 -0.0223749 0.0372000 0.0183665 -0.0082137 0.0181063 -0.0549857 -0.0339588 -0.0645920 -0.0594081 -0.0024146 0.0248190 -0.0529886 0.0257644 -0.0563097 0.0319669 0.0257173 0.0358089 0.0312699 0.0214417 0.0205755 0.0522949 -0.0066691 -0.0521211 0.0168473 -0.0059465 -0.0191296 -0.0253460 0.0220993 0.0294724 0.0310759 0.0459394 0.0253892 -0.0663626 -0.0338748 -0.0762459 0.0318230 -0.0691162 -0.0864602
-0.0814851 -0.0354105 -0.0159937 0.0242869 -0.0654994 -0.0671480 -0.0541137 0.0192763 0.0189738 0.0246256 -0.0526728 0.0402518 0.6397505 0.0307148 -0.0086061 0.0259718 0.0381095 0.0366003 0.0372580 0.0401355 0.0213823 0.0216221 0.0224266 0.0271034 0.0067933 -0.0666553 -0.0667828 0.0207509 -0.0607421 0.0293048 0.0208991 -0.0472944 -0.0578840 0.0184439 0.0266749 0.0240982 0.0355463 0.0228526 0.0378526 0.0294330 -0.0234067 0.0376939 0.0172899 -0.0005965 0.0156511 -0.0530974 -0.0353298 -0.0611990 -0.0570818 0.0024089 0.0214455 -0.0525237 0.0227663 -0.0549488 0.0282275 0.0255639 0.0369546 0.0275285 0.0173927 0.0198988 0.0362646 -0.0035341 -0.0459849 0.0156228 -0.0012255 -0.0285287 -0.0207012 0.0292296 0.0265800 0.0258879 0.0358005 0.0244403 -0.0661092 -0.0341749 -0.0684427 0.0323791 -0.0635931 -0.0787143
-0.0976791 -0.0471989 0.0392451 0.0350914 -0.0733092 -0.0713272 -0.0586346 0.0375290 0.0099824 0.0252996 -0.0647297 0.0287765 0.0307148 0.6073350 0.0179413 0.0227688 0.0302022 0.0367096 0.0342834 0.0302816 0.0303333 0.0198075 0.0422492 0.0165924 0.0303392 -0.0694368 -0.0737433 0.0218616 -0.0659533 0.0234202 0.0196636 -0.0418086 -0.0573790 0.0176275 0.0340384 0.0315444 0.0312615 0.0414610 0.0287505 0.0357003 -0.0225136 0.0296035 0.0382115 0.0033798 0.0208615 -0.0512785 -0.0471745 -0.0661484 -0.0610203 -0.0051765 0.0319037 -0.0526763 0.0331363 -0.0404563 0.0364768 0.0366267 0.0319717 0.0344362 0.0199246 0.0449610 0.0272354 0.0162103 -0.0398321 0.0291971 -0.0049856 -0.0293594 -0.0128728 0.0369639 0.0322122 0.0320550 0.0307690 0.0179649 -0.0758436 -0.0449361 -0.0795164 0.0262177 -0.0775325 -0.0919883
-0.0884078 -0.1271438 0.2584063 0.0557706 -0.0527387 -0.0566597 -0.0247532 0.1050680 -0.0236005 0.0124391 -0.0585177 -0.0139399 -0.0086061 0.0179413 0.5067880 -0.0031036 -0.0123465 -0.0025588 -0.0061253 -0.0219194 0.0517210 -0.0009337 0.0890487 -0.0239874 0.1010857 -0.0591498 -0.0528570 -0.0064464 -0.0457564 0.0093640 -0.0094492 -0.0002196 -0.0597238 -0.0127596 0.0218898 0.0193717 0.0025890 0.1086938 0.0098547 0.0353487 -0.0485652 -0.0032178 0.1018018 -0.0066013 0.0192099 -0.0374508 -0.1272134 -0.0533928 -0.0250985 -0.0313354 0.0540303 -0.0244216 0.0539392 0.0148764 0.0324572 0.0554228 0.0141506 0.0260465 -0.0037316 0.1175802 -0.0147285 0.0624598 0.0220024 0.0571248 0.0047508 -0.0810310 -0.0150394 0.0599235 0.0316264 0.0414001 -0.0049936 -0.0203833 -0.0899559 -0.1218229 -0.0684298 0.0143813 -0.0667983 -0.0783415
-0.1285296 0.0317690 -0.0011729 0.0181227 -0.0992031 -0.0914682 -0.0832631 0.0239081 0.0702175 0.0152587 -0.0973777 0.0204427 0.0259718 0.0227688 -0.0031036 0.6372585 0.0219763 0.0253195 0.0224580 0.0254240 0.0162402 0.0611665 0.0213022 0.0715941 0.0275303 -0.0949916 -0.0911523 0.0627562 -0.0956744 0.0144987 0.0670826 -0.0684427 -0.0857167 0.0676538 0.0170845 0.0195879 0.0153963 0.0210770 0.0213765 0.0204986 0.0346298 0.0210883 0.0169527 0.0445426 0.0566610 -0.0838613 0.0317920 -0.0953466 -0.0908684 0.0408423 0.0183225 -0.0797409 0.0216108 -0.0690469 0.0213828 0.0210372 0.0209824 0.0212736 0.0672656 0.0203317 0.0194223 0.0278176 -0.0704126 0.0488686 -0.0098335 0.0343919 0.0254847 0.0203504 0.0195722 0.0190642 0.0222721 0.0644211 -0.1023396 0.0322553 -0.1074446 0.0170318 -0.1012764 -0.1242885
-0.0860852 -0.0348014 -0.0263944 0.0264000 -0.0685026 -0.0679522 -0.0595755 0.0146200 0.0289920 0.0280900 -0.0620974 0.0425757 0.0381095 0.0302022 -0.0123465 0.0219763 0.6530336 0.0390322 0.0401813 0.0521322 0.0191671 0.0210056 0.0223170 0.0247071 0.0024020 -0.0651129 -0.0647507 0.0148324 -0.0621016 0.0288389 0.0248142 -0.0475739 -0.0525718 0.0256932 0.0293151 0.0263125 0.0395914 0.0185880 0.0351489 0.0337404 -0.0197535 0.0327112 0.0169018 -0.0057458 0.0118438 -0.0479894 -0.0348985 -0.0526532 -0.0583128 0.0052623 0.0174015 -0.0516043 0.0212974 -0.0521347 0.0289797 0.0173335 0.0349993 0.0267379 0.0215945 0.0171948 0.0380520 -0.0052952 -0.0543851 0.0134338 -0.0073886 -0.0205431 -0.0227114 0.0267195 0.0254333 0.0222556 0.0338604 0.0250230 -0.0601765 -0.0339409 -0.0640175 0.0321943 -0.0696653 -0.0849615
-0.0952685 -0.0327751 -0.0038727 0.0252659 -0.0746320 -0.0738202 -0.0715687 0.0239620 0.0251660 0.0323360 -0.0713584 0.0402278 0.0366003 0.0367096 -0.0025588 0.0253195 0.0390322 0.6297796 0.0398938 0.0446697 0.0265254 0.0222704 0.0304926 0.0221781 0.0141964 -0.0750501 -0.0797418 0.0213843 -0.0697903 0.0324385 0.0248642 -0.0457848 -0.0604834 0.0270018 0.0343669 0.0309352 0.0383632 0.0276977 0.0301249 0.0358863 -0.0186854 0.0385354 0.0250379 -0.0035116 0.0207222 -0.0580192 -0.0326138 -0.0648663 -0.0643066 0.0006975 0.0269578 -0.0522007 0.0277188 -0.0571664 0.0340849 0.0337101 0.0394294 0.0376424 0.0324636 0.0277288 0.0449633 0.0043088 -0.0525100 0.0229050 -0.0060122 -0.0189654 -0.0157825 0.0319397 0.0305169 0.0281212 0.0398504 0.0216403 -0.0720573 -0.0310979 -0.0829052 0.0321158 -0.0850574 -0.0915648
-0.0942508 -0.0309820 -0.0105141 0.0252974 -0.0702628 -0.0673045 -0.0634726 0.0219542 0.0235689 0.0295216 -0.0724123 0.0436318 0.0372580 0.0342834 -0.0061253 0.0224580 0.0401813 0.0398938 0.6330031 0.0407304 0.0239113 0.0198913 0.0269311 0.0284034 0.0093990 -0.0733305 -0.0677310 0.0219794 -0.0680550 0.0348644 0.0236868 -0.0490233 -0.0594251 0.0207790 0.0339877 0.0278776 0.0350555 0.0223688 0.0330011 0.0307607 -0.0194731 0.0351039 0.0219541 0.0086615 0.0206771 -0.0616663 -0.0309357 -0.0621053 -0.0555727 -0.0011214 0.0234976 -0.0551024 0.0262312 -0.0504730 0.0294567 0.0301666 0.0352470 0.0338556 0.0233515 0.0248732 0.0443825 0.0006753 -0.0522933 0.0185250 -0.0060734 -0.0185816 -0.0180833 0.0265903 0.0311928 0.0275021 0.0356201 0.0225769 -0.0676718 -0.0304059 -0.0776509 0.0293080 -0.0711071 -0.0907986
-0.0895751 -0.0199937 -0.0377621 0.0207536 -0.0635915 -0.0628702 -0.0684896 0.0105268 0.0244349 0.0277249 -0.0624606 0.0491033 0.0401355 0.0302816 -0.0219194 0.0254240 0.0521322 0.0446697 0.0407304 0.6659173 0.0190734 0.0248935 0.0186037 0.0348779 -0.0013086 -0.0793101 -0.0703419 0.0346746 -0.0709299 0.0381722 0.0278012 -0.0560502 -0.0585965 0.0288693 0.0249125 0.0303619 0.0331971 0.0128733 0.0342409 0.0297973 -0.0118451 0.0403042 0.0104360 -0.0015923 0.0177369 -0.0619311 -0.0198573 -0.0649771 -0.0634304 0.0051078 0.0206255 -0.0665996 0.0234158 -0.0644075 0.0280107 0.0242492 0.0329407 0.0260257 0.0243347 0.0134852 0.0414888 -0.0049601 -0.0614199 0.0188519 -0.0077046 -0.0060135 -0.0180193 0.0205579 0.0297103 0.0218136 0.0494825 0.0329161 -0.0626312 -0.0201830 -0.0817345 0.0295287 -0.0780395 -0.0880594
-0.1085350 -0.0706137 0.1068143 0.0488908 -0.0782448 -0.0919448 -0.0666447 0.0658870 0.0067615 0.0287336 -0.0799074 0.0210210 0.0213823 0.0303333 0.0517210 0.0162402 0.0191671 0.0265254 0.0239113 0.0190734 0.5814137 0.0228433 0.0647232 0.0114411 0.0620735 -0.0766429 -0.0807386 0.0137034 -0.0722377 0.0358077 0.0145563 -0.0318427 -0.0708832 0.0119337 0.0342600 0.0321661 0.0320497 0.0707849 0.0331081 0.0414986 -0.0228618 0.0288346 0.0672906 -0.0000812 0.0270159 -0.0643842 -0.0705220 -0.0736378 -0.0579942 -0.0102053 0.0442923 -0.0514438 0.0508005 -0.0306806 0.0412081 0.0521949 0.0354934 0.0387006 0.0158636 0.0753060 0.0235568 0.0399070 -0.0270230 0.0460008 0.0051386 -0.0376951 -0.0053701 0.0497916 0.0354815 0.0410664 0.0204201 0.0076583 -0.0952885 -0.0664682 -0.0941593 0.0324786 -0.0907095 -0.1003327
-0.1290409 0.0405833 0.0049394 0.0223823 -0.1054654 -0.0992568 -0.0909855 0.0273218 0.0669933 0.0157789 -0.1018430 0.0192175 0.0216221 0.0198075 -0.0009337 0.0611665 0.0210056 0.0222704 0.0198913 0.0248935 0.0228433 0.6362488 0.0249633 0.0688310 0.0310078 -0.0997176 -0.1017857 0.0667639 -0.0961395 0.0203291 0.0643663 -0.0694760 -0.0865061 0.0757031 0.0245571 0.0203635 0.0213944 0.0241734 0.0206158 0.0212661 0.0391221 0.0182745 0.0216982 0.0408099 0.0599814 -0.0877149 0.0405928 -0.0997516 -0.0895382 0.0446599 0.0161190 -0.0825706 0.0180995 -0.0748637 0.0242417 0.0196349 0.0199758 0.0191010 0.0634597 0.0205455 0.0211552 0.0324744 -0.0711366 0.0501890 -0.0129072 0.0440256 0.0343286 0.0216007 0.0194374 0.0181250 0.0166057 0.0709508 -0.1103231 0.0394244 -0.1073139 0.0118296 -0.1075938 -0.1234072
-0.1403299 -0.1125450 0.1761618 0.0676153 -0.0930640 -0.1018354 -0.0683332 0.0973227 0.0050982 0.0337803 -0.0965341 0.0216013 0.0224266 0.0422492 0.0890487 0.0213022 0.0223170 0.0304926 0.0269311 0.0186037 0.0647232 0.0249633 0.5538882 0.0064603 0.0942386 -0.1008003 -0.0946789 0.0214609 -0.0843770 0.0381060 0.0167535 -0.0326233 -0.0866925 0.0149455 0.0456715 0.0422000 0.0365815 0.1040191 0.0361774 0.0561104 -0.0356414 0.0312166 0.0976582 0.0057933 0.0388585 -0.0685542 -0.1124563 -0.0908704 -0.0666922 -0.0137821 0.0635838 -0.0606676 0.0666752 -0.0249498 0.0524657 0.0697562 0.0415346 0.0504937 0.0201711 0.1113296 0.0223792 0.0613673 -0.0182396 0.0648666 0.0082832 -0.0620494 -0.0079493 0.0702552 0.0481598 0.0557631 0.0266170 0.0049120 -0.1165376 -0.1066461 -0.1145205 0.0411241 -0.1095497 -0.1280995
-0.1173190 0.0398704 -0.0384567 0.0130881 -0.0998455 -0.0885976 -0.0898031 0.0136806 0.0796049 0.0158051 -0.0955002 0.0239037 0.0271034 0.0165924 -0.0239874 0.0715941 0.0247071 0.0221781 0.0284034 0.0348779 0.0114411 0.0688310 0.0064603 0.6673827 0.0102694 -0.0915206 -0.0916904 0.0762667 -0.0979618 0.0176186 0.0778267 -0.0751713 -0.0818876 0.0764794 0.0150690 0.0172738 0.0195744 0.0036797 0.0199129 0.0142444 0.0375136 0.0234576 0.0028530 0.0389089 0.0606622 -0.0890157 0.0399961 -0.0900698 -0.0970195 0.0573976 0.0078774 -0.0809257 0.0154172 -0.0800850 0.0195319 0.0133586 0.0208605 0.0149910 0.0764758 0.0052031 0.0288540 0.0167262 -0.0799326 0.0439535 -0.0139821 0.0456030 0.0236757 0.0110359 0.0161901 0.0125155 0.0182077 0.0834773 -0.1059643 0.0379078 -0.1052068 0.0134999 -0.0940525 -0.1129426
-0.1797305 -0.0008883 0.2203335 0.0663114 -0.1218907 -0.1297810 -0.0907749 0.1033354 0.0073254 0.0227640 -0.1301550 0.0018065 0.0067933 0.0303392 0.1010857 0.0275303 0.0024020 0.0141964 0.0093990 -0.0013086 0.0620735 0.0310078 0.0942386 0.0102694 0.5636299 -0.1264809 -0.1244197 0.0267859 -0.1107857 0.0260890 0.0203287 -0.0489319 -0.1163695 0.0173261 0.0325327 0.0345665 0.0205439 0.1083501 0.0239017 0.0497095 0.0520959 0.0151825 0.1006934 0.0184217 0.0534057 -0.0946935 -0.0009425 -0.1231150 -0.0929457 -0.0060008 0.0647896 -0.0814045 0.0651770 -0.0380047 0.0460393 0.0656930 0.0289571 0.0413965 0.0275949 0.1161026 0.0058563 0.1179101 -0.0316743 0.0773731 0.0009734 0.0383625 0.0740837 0.0676769 0.0417885 0.0547713 0.0112858 0.0105179 -0.1547858 0.0034703 -0.1491346 0.0263290 -0.1400134 -0.1661946
0.2568338 -0.1238722 -0.1306212 -0.0886646 0.2232186 0.1913906 0.1836308 -0.1011270 -0.0886252 -0.0711892 0.1791354 -0.0657515 -0.0666553 -0.0694368 -0.0591498 -0.0949916 -0.0651129 -0.0750501 -0.0733305 -0.0793101 -0.0766429 -0.0997176 -0.1008003 -0.0915206 -0.1264809 0.7144083 0.2334431 -0.1011709 0.2079544 -0.0724530 -0.0929682 0.1183607 0.1926776 -0.0970696 -0.0811622 -0.0723770 -0.0764190 -0.1043919 -0.0744528 -0.0868785 -0.1083322 -0.0772066 -0.0929698 -0.0666899 -0.1064480 0.1465244 -0.1239735 0.1990904 0.1667908 -0.0629661 -0.0807518 0.1855557 -0.0862166 0.1297863 -0.0867649 -0.0872907 -0.0805223 -0.0826391 -0.1000566 -0.1073990 -0.0742983 -0.1240932 0.1238666 -0.1072047 -0.0157694 -0.1072920 -0.1089646 -0.0917286 -0.0774489 -0.0849683 -0.0731826 -0.0934067 0.2287050 -0.1237779 0.2363857 -0.0684388 0.2600669 0.2432301
0.2432283 -0.1427336 -0.1225660 -0.0865725 0.2179217 0.2169083 0.1907695 -0.0964900 -0.0875458 -0.0633690 0.1926654 -0.0677535 -0.0667828 -0.0737433 -0.0528570 -0.0911523 -0.0647507 -0.0797418 -0.0677310 -0.0703419 -0.0807386 -0.1017857 -0.0946789 -0.0916904 -0.1244197 0.2334431 0.6949416 -0.0912835 0.2125099 -0.0661227 -0.0916507 0.1171310 0.1678674 -0.0947204 -0.0754018 -0.0711243 -0.0696806 -0.0996828 -0.0766954 -0.0832654 -0.1228195 -0.0712772 -0.0888574 -0.0690068 -0.1023301 0.1640082 -0.1428329 0.1859436 0.1831131 -0.0568075 -0.0821685 0.1437288 -0.0826592 0.1176438 -0.0876405 -0.0832488 -0.0769213 -0.0845388 -0.0931242 -0.1000965 -0.0765440 -0.1265600 0.1213509 -0.1065445 -0.0089947 -0.1278549 -0.1239020 -0.0849101 -0.0756159 -0.0817058 -0.0603788 -0.0973966 0.2477153 -0.1418483 0.2272371 -0.0663646 0.3006023 0.2303350
-0.1332130 0.0332618 -0.0047940 0.0199171 -0.0957099 -0.0869631 -0.0919666 0.0240128 0.0721776 0.0160689 -0.0996974 0.0281425 0.0207509 0.0218616 -0.0064464 0.0627562 0.0148324 0.0213843 0.0219794 0.0346746 0.0137034 0.0667639 0.0214609 0.0762667 0.0267859 -0.1011709 -0.0912835 0.6446882 -0.0989404 0.0199540 0.0649613 -0.0730677 -0.0888367 0.0701214 0.0251106 0.0172284 0.0253494 0.0174142 0.0162834 0.0214956 0.0335238 0.0224030 0.0161248 0.0412018 0.0652859 -0.0905620 0.0331815 -0.0946153 -0.0866657 0.0456821 0.0141775 -0.0841320 0.0199353 -0.0804864 0.0266906 0.0243686 0.0187898 0.0232170 0.0700730 0.0192423 0.0324234 0.0275035 -0.0780133 0.0495738 -0.0189128 0.0379167 0.0297114 0.0162012 0.0199072 0.0226306 0.0295344 0.0735885 -0.1051984 0.0315654 -0.1138161 0.0155502 -0.1055540 -0.1289797
0.2228685 -0.1351179 -0.0992811 -0.0748617 0.2091537 0.1888421 0.1750320 -0.0850575 -0.0951689 -0.0586345 0.1790405 -0.0620677 -0.0607421 -0.0659533 -0.0457564 -0.0956744 -0.0621016 -0.0697903 -0.0680550 -0.0709299 -0.0722377 -0.0961395 -0.0843770 -0.0979618 -0.1107857 0.2079544 0.2125099 -0.0989404 0.6630191 -0.0719089 -0.0941806 0.1217717 0.1534623 -0.0984263 -0.0647643 -0.0644349 -0.0706417 -0.0854736 -0.0675025 -0.0795757 -0.1164340 -0.0655217 -0.0778998 -0.0782799 -0.1022317 0.1822800 -0.1351543 0.1825596 0.1575988 -0.0671763 -0.0689536 0.1823294 -0.0753493 0.1104176 -0.0747757 -0.0754831 -0.0691682 -0.0702022 -0.0977653 -0.0853595 -0.0713444 -0.1136627 0.1212210 -0.0977295 -0.0069499 -0.1194268 -0.1101001 -0.0816835 -0.0704369 -0.0743644 -0.0667766 -0.0942007 0.2092782 -0.1339195 0.2337381 -0.0653811 0.2491228 0.2130690
-0.0907021 -0.0442785 0.0272304 0.0308209 -0.0672689 -0.0715851 -0.0602037 0.0343036 0.0173732 0.0263128 -0.0696338 0.0271916 0.0293048 0.0234202 0.0093640 0.0144987 0.0288389 0.0324385 0.0348644 0.0381722 0.0358077 0.0203291 0.0381060 0.0176186 0.0260890 -0.0724530 -0.0661227 0.0199540 -0.0719089 0.6177375 0.0158157 -0.0392649 -0.0586359 0.0197371 0.0310772 0.0279758 0.0383871 0.0364981 0.0281695 0.0353501 -0.0172087 0.0276064 0.0364539 -0.0048367 0.0202677 -0.0627167 -0.0444085 -0.0671093 -0.0535860 -0.0027063 0.0268287 -0.0532145 0.0320219 -0.0421527 0.0330367 0.0344329 0.0340527 0.0301186 0.0171803 0.0392494 0.0363293 0.0121279 -0.0413390 0.0276393 -0.0053849 -0.0228804 -0.0127114 0.0379526 0.0337060 0.0269582 0.0295480 0.0156435 -0.0690571 -0.0416947 -0.0735439 0.0288389 -0.0759944 -0.0855187
-0.1219565 0.0345579 -0.0127707 0.0181911 -0.1011982 -0.0916381 -0.0860511 0.0207144 0.0745772 0.0162822 -0.0906536 0.0236979 0.0208991 0.0196636 -0.0094492 0.0670826 0.0248142 0.0248642 0.0236868 0.0278012 0.0145563 0.0643663 0.0167535 0.0778267 0.0203287 -0.0929682 -0.0916507 0.0649613 -0.0941806 0.0158157 0.6466734 -0.0679364 -0.0818613 0.0692839 0.0170343 0.0159415 0.0181164 0.0138999 0.0210743 0.0189323 0.0323349 0.0194961 0.0128590 0.0439134 0.0605764 -0.0860436 0.0345488 -0.0897563 -0.0864751 0.0447579 0.0119087 -0.0822215 0.0176431 -0.0743066 0.0210811 0.0166875 0.0184012 0.0172521 0.0680692 0.0152340 0.0195336 0.0221988 -0.0721621 0.0464921 -0.0135270 0.0388045 0.0257834 0.0173543 0.0159064 0.0190277 0.0208514 0.0749926 -0.1047711 0.0329744 -0.1093962 0.0141729 -0.0984159 -0.1181458
0.1623746 -0.1428819 -0.0061217 -0.0354711 0.1090364 0.1106191 0.1037322 -0.0292867 -0.0750090 -0.0334082 0.0935680 -0.0461717 -0.0472944 -0.0418086 -0.0002196 -0.0684427 -0.0475739 -0.0457848 -0.0490233 -0.0560502 -0.0318427 -0.0694760 -0.0326233 -0.0751713 -0.0489319 0.1183607 0.1171310 -0.0730677 0.1217717 -0.0392649 -0.0679364 0.6067419 0.1126457 -0.0753186 -0.0430775 -0.0390774 -0.0480326 -0.0277791 -0.0432071 -0.0427967 -0.1007007 -0.0462088 -0.0235145 -0.0417728 -0.0671952 0.0942402 -0.1427045 0.1066937 0.1033928 -0.0342743 -0.0361775 0.1085158 -0.0381589 0.1025703 -0.0375272 -0.0337465 -0.0442303 -0.0392248 -0.0684799 -0.0264192 -0.0498644 -0.0633395 0.1009566 -0.0526081 0.0051966 -0.1116374 -0.0843064 -0.0342124 -0.0391371 -0.0398644 -0.0493177 -0.0740174 0.1198234 -0.1397996 0.1453874 -0.0357798 0.1221980 0.1579730
0.2078165 -0.1076332 -0.1285596 -0.0746091 0.1720322 0.1799025 0.1407153 -0.0918178 -0.0816618 -0.0574949 0.2065898 -0.0605714 -0.0578840 -0.0573790 -0.0597238 -0.0857167 -0.0525718 -0.0604834 -0.0594251 -0.0585965 -0.0708832 -0.0865061 -0.0866925 -0.0818876 -0.1163695 0.1926776 0.1678674 -0.0888367 0.1534623 -0.0586359 -0.0818613 0.1126457 0.7253574 -0.0875995 -0.0591599 -0.0622682 -0.0616846 -0.0920233 -0.0574163 -0.0731355 -0.0950026 -0.0581360 -0.0861795 -0.0262080 -0.0971364 0.1567105 -0.1076546 0.1555274 0.1522890 -0.0308213 -0.0724931 0.1132467 -0.0756986 0.0900974 -0.0710246 -0.0747648 -0.0705452 -0.0696028 -0.0894395 -0.0974307 -0.0648954 -0.1125017 0.0883562 -0.0979143 -0.0084321 -0.0965025 -0.0977842 -0.0730424 -0.0660182 -0.0696488 -0.0566703 -0.0784135 0.1903171 -0.1080449 0.1966502 -0.0530170 0.1941690 0.1953993
-0.1207928 0.0362824 -0.0230085 0.0135886 -0.1029692 -0.0876352 -0.0889192 0.0179370 0.0775004 0.0172353 -0.0983538 0.0313602 0.0184439 0.0176275 -0.0127596 0.0676538 0.0256932 0.0270018 0.0207790 0.0288693 0.0119337 0.0757031 0.0149455 0.0764794 0.0173261 -0.0970696 -0.0947204 0.0701214 -0.0984263 0.0197371 0.0692839 -0.0753186 -0.0875995 0.6567144 0.0205080 0.0183887 0.0283938 0.0117497 0.0181870 0.0201025 0.0360205 0.0244636 0.0097766 0.0382917 0.0592750 -0.0844186 0.0362495 -0.0938222 -0.0954773 0.0524129 0.0105857 -0.0820015 0.0174822 -0.0791901 0.0223677 0.0166446 0.0200968 0.0204026 0.0684753 0.0102277 0.0291316 0.0223170 -0.0788454 0.0469049 -0.0149620 0.0404840 0.0264584 0.0116172 0.0132932 0.0171841 0.0243316 0.0795485 -0.1045901 0.0350373 -0.1047586 0.0171671 -0.1021940 -0.1167901
-0.0965579 -0.0482977 0.0429280 0.0390997 -0.0729065 -0.0777095 -0.0670902 0.0415507 0.0151845 0.0281082 -0.0662407 0.0256637 0.0266749 0.0340384 0.0218898 0.0170845 0.0293151 0.0343669 0.0339877 0.0249125 0.0342600 0.0245571 0.0456715 0.0150690 0.0325327 -0.0811622 -0.0754018 0.0251106 -0.0647643 0.0310772 0.0170343 -0.0430775 -0.0591599 0.0205080 0.6061565 0.0347651 0.0335122 0.0443384 0.0327474 0.0403379 -0.0210646 0.0311191 0.0391354 0.0061233 0.0250535 -0.0540415 -0.0482266 -0.0672187 -0.0634940 -0.0021815 0.0317143 -0.0562315 0.0377207 -0.0445713 0.0382292 0.0376901 0.0313965 0.0355496 0.0178541 0.0482612 0.0314459 0.0177802 -0.0408653 0.0321619 -0.0006369 -0.0305829 -0.0107179 0.0365831 0.0330718 0.0300400 0.0325581 0.0195649 -0.0886723 -0.0454889 -0.0831929 0.0322122 -0.0831001 -0.0909676
-0.0979726 -0.0476693 0.0451311 0.0360843 -0.0748258 -0.0768850 -0.0549019 0.0411510 0.0128446 0.0240134 -0.0662397 0.0310292 0.0240982 0.0315444 0.0193717 0.0195879 0.0263125 0.0309352 0.0278776 0.0303619 0.0321661 0.0203635 0.0422000 0.0172738 0.0345665 -0.0723770 -0.0711243 0.0172284 -0.0644349 0.0279758 0.0159415 -0.0390774 -0.0622682 0.0183887 0.0347651 0.6105281 0.0293990 0.0453437 0.0262700 0.0337750 -0.0231024 0.0329643 0.0392889 0.0040274 0.0250727 -0.0496070 -0.0478184 -0.0677226 -0.0659538 0.0002029 0.0314734 -0.0542239 0.0324394 -0.0379469 0.0346183 0.0360169 0.0320563 0.0310248 0.0203780 0.0476029 0.0319574 0.0197691 -0.0367608 0.0309386 0.0016170 -0.0275478 -0.0138171 0.0383278 0.0347946 0.0345198 0.0298283 0.0148959 -0.0799916 -0.0452715 -0.0798026 0.0275249 -0.0826173 -0.0918659
-0.0909829 -0.0346007 0.0121797 0.0311967 -0.0714383 -0.0740718 -0.0646859 0.0286781 0.0256564 0.0280811 -0.0710348 0.0373008 0.0355463 0.0312615 0.0025890 0.0153963 0.0395914 0.0383632 0.0350555 0.0331971 0.0320497 0.0213944 0.0365815 0.0195744 0.0205439 -0.0764190 -0.0696806 0.0253494 -0.0706417 0.0383871 0.0181164 -0.0480326 -0.0616846 0.0283938 0.0335122 0.0293990 0.6340388 0.0339746 0.0282242 0.0310389 -0.0193855 0.0341513 0.0311614 -0.0045196 0.0194263 -0.0612187 -0.0343890 -0.0673917 -0.0664662 -0.0026413 0.0275915 -0.0593677 0.0265223 -0.0496648 0.0301542 0.0312542 0.0324846 0.0313909 0.0230414 0.0345057 0.0411326 0.0112357 -0.0494655 0.0247180 -0.0012646 -0.0242933 -0.0126292 0.0319627 0.0288658 0.0265018 0.0306540 0.0223480 -0.0723907 -0.0330787 -0.0762896 0.0321389 -0.0787785 -0.0870874
-0.1491483 -0.1269868 0.2122456 0.0751722 -0.0960263 -0.1070399 -0.0663674 0.1105323 0.0003745 0.0361583 -0.0990659 0.0184644 0.0228526 0.0414610 0.1086938 0.0210770 0.0185880 0.0276977 0.0223688 0.0128733 0.0707849 0.0241734 0.1040191 0.0036797 0.1083501 -0.1043919 -0.0996828 0.0174142 -0.0854736 0.0364981 0.0138999 -0.0277791 -0.0920233 0.0117497 0.0443384 0.0453437 0.0339746 0.5445363 0.0373324 0.0599539 -0.0377663 0.0302312 0.1110044 0.0061086 0.0416119 -0.0691326 -0.1268902 -0.0945049 -0.0669564 -0.0166393 0.0689306 -0.0605541 0.0746809 -0.0178118 0.0562760 0.0763879 0.0404295 0.0498427 0.0187444 0.1267419 0.0193902 0.0726172 -0.0094921 0.0723802 0.0057717 -0.0688041 -0.0071997 0.0795422 0.0493003 0.0631355 0.0239819 0.0028940 -0.1201938 -0.1196575 -0.1192473 0.0404811 -0.1157986 -0.1352807
-0.0963602 -0.0347917 0.0213999 0.0310374 -0.0695915 -0.0741000 -0.0643472 0.0316783 0.0165696 0.0272162 -0.0691724 0.0335851 0.0378526 0.0287505 0.0098547 0.0213765 0.0351489 0.0301249 0.0330011 0.0342409 0.0331081 0.0206158 0.0361774 0.0199129 0.0239017 -0.0744528 -0.0766954 0.0162834 -0.0675025 0.0281695 0.0210743 -0.0432071 -0.0574163 0.0181870 0.0327474 0.0262700 0.0282242 0.0373324 0.6179549 0.0341990 -0.0180485 0.0291895 0.0311900 -0.0022930 0.0206690 -0.0544157 -0.0347413 -0.0653953 -0.0561288 -0.0013117 0.0287878 -0.0539435 0.0311167 -0.0467536 0.0336850 0.0296135 0.0316115 0.0316075 0.0222342 0.0377996 0.0316954 0.0102278 -0.0455042 0.0269131 -0.0021371 -0.0210377 -0.0107578 0.0299911 0.0287378 0.0345597 0.0320896 0.0255147 -0.0748202 -0.0324921 -0.0747222 0.0318315 -0.0837542 -0.0912631
-0.1152505 -0.0532968 0.0739042 0.0458737 -0.0821979 -0.0847088 -0.0690928 0.0534691 0.0164164 0.0305007 -0.0827856 0.0297202 0.0294330 0.0357003 0.0353487 0.0204986 0.0337404 0.0358863 0.0307607 0.0297973 0.0414986 0.0212661 0.0561104 0.0142444 0.0497095 -0.0868785 -0.0832654 0.0214956 -0.0795757 0.0353501 0.0189323 -0.0427967 -0.0731355 0.0201025 0.0403379 0.0337750 0.0310389 0.0599539 0.0341990 0.5914471 -0.0125255 0.0345563 0.0535860 0.0024790 0.0291553 -0.0659274 -0.0531974 -0.0786640 -0.0658689 -0.0078265 0.0418195 -0.0603076 0.0451181 -0.0409978 0.0374163 0.0488642 0.0383047 0.0442300 0.0232096 0.0626479 0.0322829 0.0330802 -0.0385157 0.0386755 -0.0014688 -0.0277029 -0.0038381 0.0464157 0.0342576 0.0380599 0.0270561 0.0167859 -0.0962915 -0.0498680 -0.0959032 0.0318434 -0.0948538 -0.1079380
-0.1429790 0.3853280 -0.0398412 -0.0184065 -0.1239135 -0.1105274 -0.1132649 -0.0331161 0.0464516 -0.0245098 -0.1201574 -0.0223749 -0.0234067 -0.0225136 -0.0485652 0.0346298 -0.0197535 -0.0186854 -0.0194731 -0.0118451 -0.0228618 0.0391221 -0.0356414 0.0375136 0.0520959 -0.1083322 -0.1228195 0.0335238 -0.1164340 -0.0172087 0.0323349 -0.1007007 -0.0950026 0.0360205 -0.0210646 -0.0231024 -0.0193855 -0.0377663 -0.0180485 -0.0125255 0.7109733 -0.0158122 -0.0396692 0.0407224 0.0392860 -0.1108899 0.3853352 -0.1122110 -0.1182086 0.0390077 -0.0235310 -0.1031332 -0.0250193 -0.1028948 -0.0214791 -0.0280491 -0.0206671 -0.0167567 0.0409415 -0.0446271 -0.0172561 0.1235115 -0.1085691 0.0110433 -0.0293581 0.3566097 0.2582037 -0.0295881 -0.0214380 -0.0229728 -0.0223709 0.0358094 -0.1290698 0.3774696 -0.1294545 -0.0233989 -0.1207731 -0.1401329
-0.0906354 -0.0371590 0.0016877 0.0285525 -0.0709323 -0.0607364 -0.0615725 0.0273671 0.0235396 0.0270989 -0.0573040 0.0372000 0.0376939 0.0296035 -0.0032178 0.0210883 0.0327112 0.0385354 0.0351039 0.0403042 0.0288346 0.0182745 0.0312166 0.0234576 0.0151825 -0.0772066 -0.0712772 0.0224030 -0.0655217 0.0276064 0.0194961 -0.0462088 -0.0581360 0.0244636 0.0311191 0.0329643 0.0341513 0.0302312 0.0291895 0.0345563 -0.0158122 0.6374131 0.0234837 -0.0043530 0.0202213 -0.0575590 -0.0372353 -0.0681920 -0.0591924 0.0015857 0.0254830 -0.0520440 0.0328809 -0.0514551 0.0335053 0.0308679 0.0396454 0.0333410 0.0184390 0.0321277 0.0417836 0.0047682 -0.0497491 0.0223566 -0.0065700 -0.0190036 -0.0185360 0.0322145 0.0254864 0.0306811 0.0312162 0.0188154 -0.0731138 -0.0359938 -0.0830199 0.0297825 -0.0819457 -0.0876794
-0.1354846 -0.1251876 0.1983605 0.0688933 -0.0863343 -0.0990216 -0.0592679 0.1036671 0.0033338 0.0327733 -0.0937455 0.0183665 0.0172899 0.0382115 0.1018018 0.0169527 0.0169018 0.0250379 0.0219541 0.0104360 0.0672906 0.0216982 0.0976582 0.0028530 0.1006934 -0.0929698 -0.0888574 0.0161248 -0.0778998 0.0364539 0.0128590 -0.0235145 -0.0861795 0.0097766 0.0391354 0.0392889 0.0311614 0.1110044 0.0311900 0.0535860 -0.0396692 0.0234837 0.5461649 0.0034418 0.0371157 -0.0650313 -0.1251115 -0.0903350 -0.0621445 -0.0152397 0.0635028 -0.0542635 0.0688913 -0.0145120 0.0520790 0.0707222 0.0372233 0.0463789 0.0156705 0.1178833 0.0177570 0.0665166 -0.0072095 0.0671000 0.0080503 -0.0689532 -0.0094191 0.0723108 0.0485928 0.0575400 0.0203564 0.0010113 -0.1083876 -0.1185963 -0.1090727 0.0342492 -0.1027677 -0.1221602
-0.0847861 0.0370005 0.0011298 0.0028898 -0.0630231 -0.0524960 -0.0504620 0.0096750 0.0406551 -0.0068144 -0.0443173 -0.0082137 -0.0005965 0.0033798 -0.0066013 0.0445426 -0.0057458 -0.0035116 0.0086615 -0.0015923 -0.0000812 0.0408099 0.0057933 0.0389089 0.0184217 -0.0666899 -0.0690068 0.0412018 -0.0782799 -0.0048367 0.0439134 -0.0417728 -0.0262080 0.0382917 0.0061233 0.0040274 -0.0045196 0.0061086 -0.0022930 0.0024790 0.0407224 -0.0043530 0.0034418 0.6475158 0.0349832 -0.0501371 0.0369651 -0.0673985 -0.0515717 0.0539458 0.0007380 -0.0442123 0.0003138 -0.0388253 0.0000069 0.0050059 -0.0027274 -0.0008235 0.0363399 0.0048072 -0.0014711 0.0229070 -0.0503764 0.0273381 0.0171437 0.0415099 0.0326176 0.0058422 0.0021672 0.0007947 0.0006987 0.0404549 -0.0722108 0.0366295 -0.0764773 -0.0017100 -0.0684352 -0.0805881
-0.1430203 0.0321149 0.0496891 0.0295408 -0.1083850 -0.1056052 -0.0915177 0.0436551 0.0619649 0.0186706 -0.1092935 0.0181063 0.0156511 0.0208615 0.0192099 0.0566610 0.0118438 0.0207222 0.0206771 0.0177369 0.0270159 0.0599814 0.0388585 0.0606622 0.0534057 -0.1064480 -0.1023301 0.0652859 -0.1022317 0.0202677 0.0605764 -0.0671952 -0.0971364 0.0592750 0.0250535 0.0250727 0.0194263 0.0416119 0.0206690 0.0291553 0.0392860 0.0202213 0.0371157 0.0349832 0.6122749 -0.0920592 0.0321819 -0.1058751 -0.0947252 0.0360026 0.0272221 -0.0838537 0.0314726 -0.0673590 0.0286567 0.0347936 0.0248217 0.0248221 0.0606417 0.0434545 0.0200996 0.0491966 -0.0657733 0.0565926 -0.0129627 0.0374933 0.0382058 0.0288188 0.0248652 0.0302808 0.0171277 0.0611169 -0.1216486 0.0333748 -0.1215377 0.0179937 -0.1138552 -0.1352384
0.1913314 -0.1329879 -0.0784787 -0.0618654 0.1493311 0.1710155 0.1585858 -0.0703137 -0.0856891 -0.0497342 0.1916029 -0.0549857 -0.0530974 -0.0512785 -0.0374508 -0.0838613 -0.0479894 -0.0580192 -0.0616663 -0.0619311 -0.0643842 -0.0877149 -0.0685542 -0.0890157 -0.0946935 0.1465244 0.1640082 -0.0905620 0.1822800 -0.0627167 -0.0860436 0.0942402 0.1567105 -0.0844186 -0.0540415 -0.0496070 -0.0612187 -0.0691326 -0.0544157 -0.0659274 -0.1108899 -0.0575590 -0.0650313 -0.0501371 -0.0920592 0.6495590 -0.1330630 0.1681432 0.1551506 -0.0586453 -0.0540873 0.1311609 -0.0602932 0.0988809 -0.0614262 -0.0635077 -0.0590043 -0.0593468 -0.0893239 -0.0715394 -0.0614646 -0.0999645 0.0948491 -0.0852388 -0.0134160 -0.1182505 -0.1053720 -0.0618434 -0.0578618 -0.0618576 -0.0585755 -0.0869548 0.2025453 -0.1310190 0.2064366 -0.0463561 0.1715315 0.1826849
-0.1459491 0.9410195 -0.1628345 -0.0669720 -0.1391001 -0.1229074 -0.1452629 -0.1173118 0.0434957 -0.0457487 -0.1338343 -0.0339588 -0.0353298 -0.0471745 -0.1272134 0.0317920 -0.0348985 -0.0326138 -0.0309357 -0.0198573 -0.0705220 0.0405928 -0.1124563 0.0399961 -0.0009425 -0.1239735 -0.1428329 0.0331815 -0.1351543 -0.0444085 0.0345488 -0.1427045 -0.1076546 0.0362495 -0.0482266 -0.0478184 -0.0343890 -0.1268902 -0.0347413 -0.0531974 0.3853352 -0.0372353 -0.1251115 0.0369651 0.0321819 -0.1330630 0.9532866 -0.1273719 -0.1471832 0.0450268 -0.0595648 -0.1321347 -0.0782872 -0.1531870 -0.0524754 -0.0806928 -0.0466019 -0.0489552 0.0367876 -0.1403719 -0.0298669 0.1077757 -0.1651520 -0.0285443 -0.0437517 0.4664735 0.3209244 -0.0856899 -0.0523312 -0.0608398 -0.0325668 0.0494204 -0.1380392 0.9002684 -0.1401646 -0.0497615 -0.1319871 -0.1541739
0.2635446 -0.1275185 -0.1255226 -0.0814625 0.1681602 0.2028699 0.1551713 -0.0959299 -0.0930053 -0.0547633 0.1848893 -0.0645920 -0.0611990 -0.0661484 -0.0533928 -0.0953466 -0.0526532 -0.0648663 -0.0621053 -0.0649771 -0.0736378 -0.0997516 -0.0908704 -0.0900698 -0.1231150 0.1990904 0.1859436 -0.0946153 0.1825596 -0.0671093 -0.0897563 0.1066937 0.1555274 -0.0938222 -0.0672187 -0.0677226 -0.0673917 -0.0945049 -0.0653953 -0.0786640 -0.1122110 -0.0681920 -0.0903350 -0.0673985 -0.1058751 0.1681432 -0.1273719 0.7042234 0.1778174 -0.0472753 -0.0772432 0.1398415 -0.0798341 0.1140365 -0.0778712 -0.0828690 -0.0674369 -0.0696011 -0.0959584 -0.0993919 -0.0657483 -0.1224634 0.1125263 -0.1052932 0.0035888 -0.1126628 -0.1155910 -0.0815776 -0.0749451 -0.0742345 -0.0663236 -0.0958161 0.2556255 -0.1298284 0.2380621 -0.0576713 0.2058488 0.2451475
