2.2527606 2.2271619 2.0712240 -0.0981127 0.1620745 0.0479591 -0.2801063 0.1071195 -0.3907395 -0.2717056 -0.3988701 -0.4914663 -0.3603375 -0.3055728 0.6820885 -0.3847604 0.0316471 -0.3469957 -0.4436053 -0.4121598 -0.0216405 -0.1772533 0.0233797 -0.4884953 0.1575406 -0.2434264 -0.3699795 0.1510403 -0.3062635 -0.2790886 -0.4237038 -0.1641503 -0.4653159 0.1571585 -0.2463186 -0.2488357 0.0946911 0.1450422 -0.3031097 0.1661845 0.1796031 -0.3479235 0.0270868 0.1728923 0.1810665 -0.3483033 2.2161989 0.1629528 0.0866158 -0.3138768 0.1791732 0.1055005 0.1422112 -0.0664010 -0.2564254 -0.1478006 -0.3562683 -0.2200978 0.0589720 0.0898033 -0.3964414 0.2043051 0.2157261 -0.0663882 -0.2312864 0.1458905 -0.1941900 -0.0802062 -0.2479197 -0.2651038 -0.2560031 -0.3924001 -0.4095097 -0.2963248 -0.4898468 -0.2065973 -0.2829721 -0.4008486
2.2271619 2.2234104 2.0612302 -0.0982455 0.1537763 0.0429896 -0.2786824 0.1056967 -0.3877661 -0.2722734 -0.3966487 -0.4864385 -0.3582014 -0.3038219 0.6749450 -0.3818553 0.0264952 -0.3425843 -0.4403291 -0.4096147 -0.0200455 -0.1774070 0.0220856 -0.4848204 0.1548237 -0.2436619 -0.3677929 0.1427025 -0.3047370 -0.2769652 -0.4192810 -0.1632489 -0.4606601 0.1502389 -0.2453922 -0.2482659 0.0881373 0.1433081 -0.3022461 0.1623920 0.1727191 -0.3440872 0.0251708 0.1661650 0.1794936 -0.3464804 2.3859901 0.1563049 0.0821773 -0.3106109 0.1753022 0.1010164 0.1387143 -0.0664054 -0.2545612 -0.1474043 -0.3531356 -0.2200283 0.0523983 0.0872210 -0.3943051 0.2005265 0.2113798 -0.0658483 -0.2312471 0.1375715 -0.1939932 -0.0797010 -0.2474152 -0.2632858 -0.2550760 -0.3899768 -0.4032418 -0.2940333 -0.4840732 -0.2043594 -0.2817046 -0.3992474
2.0712240 2.0612302 2.0835595 -0.0888756 0.1493823 0.0331544 -0.2730064 0.1047881 -0.3836955 -0.2649302 -0.3931601 -0.4827921 -0.3510520 -0.3011329 0.6053632 -0.3732986 0.0114767 -0.3437624 -0.4373873 -0.4006324 -0.0191359 -0.1708088 0.0393237 -0.4806863 0.1797074 -0.2395951 -0.3632456 0.1381944 -0.2947572 -0.2746038 -0.4162576 -0.1591751 -0.4606132 0.1311399 -0.2365594 -0.2344244 0.1798037 0.1615464 -0.2968794 0.1721500 0.1906113 -0.3484417 0.0430677 0.1544333 0.1592315 -0.3378762 2.0420778 0.1319341 0.0796843 -0.3108775 0.1787370 0.0744781 0.1424510 -0.0566895 -0.2512395 -0.1396574 -0.3481168 -0.2087045 0.0598300 0.1259038 -0.3893150 0.2359388 0.2021037 -0.0586608 -0.2191442 0.1190001 -0.1850622 -0.0703152 -0.2343112 -0.2567874 -0.2411239 -0.3855397 -0.4013141 -0.2920616 -0.4869017 -0.1977004 -0.2718053 -0.3929351
-0.0981127 -0.0982455 -0.0888756 0.8442498 -0.0128089 -0.0492524 0.0375368 0.0445623 -0.0320597 0.0135229 0.0104259 -0.0155166 0.0090536 -0.0080226 -0.0353799 -0.0188483 -0.0562530 -0.0107063 -0.0159207 0.0020271 0.0460601 0.0726491 0.0789776 -0.0112012 0.1468501 0.0469466 0.0388356 0.0153722 -0.0050224 0.0418738 -0.0053277 0.0605527 -0.0321207 -0.0135851 0.0446342 0.0223115 -0.0449354 0.0504747 0.0406680 0.0267766 -0.0000751 0.0341772 0.0451574 0.0072406 0.0059702 -0.0119008 -0.0967572 -0.0102188 -0.0314578 -0.0143744 0.0284728 -0.0346359 -0.0034050 0.0711557 0.0018700 0.0265415 -0.0095488 0.0372337 -0.0273161 0.1078172 0.0131984 0.0897483 0.0309792 0.0368787 0.0414579 -0.0128925 -0.0016218 0.0372173 0.0497850 0.0109184 0.0166786 0.0409251 -0.0337995 0.0041595 -0.0197153 -0.0033963 0.0073295 0.0294066
0.1620745 0.1537763 0.1493823 -0.0128089 1.0387285 0.0542958 -0.0209119 0.0200274 -0.1669808 0.0037008 -0.0018649 -0.2663659 -0.0081375 -0.2041911 0.0498851 -0.2322020 0.0481728 -0.1447169 -0.2462583 -0.0064676 0.0866986 0.1997881 0.0159089 -0.2607196 0.0102859 0.2383873 -0.0255265 0.2621086 -0.1503341 -0.0187820 -0.2394496 0.0028754 -0.2590962 0.2993175 -0.0204865 -0.0023356 0.0398411 0.0446411 -0.0299487 0.2155987 0.2645235 -0.0278799 -0.0563744 0.2494182 0.2444724 -0.2169340 0.1513489 0.2974458 0.0615403 -0.1401692 0.1949299 0.0450281 0.0380063 0.0095586 -0.1878683 -0.1466795 -0.2174651 0.0079284 0.0477035 -0.0267282 -0.0125462 0.1208773 0.1979875 0.0156157 -0.0053029 0.3080454 -0.1603938 0.0068689 -0.0257086 -0.1992429 0.0996131 -0.0275994 -0.1617901 0.1001935 -0.2631013 -0.1148478 0.1021538 -0.0177232
0.0479591 0.0429896 0.0331544 -0.0492524 0.0542958 0.9417992 -0.0317544 -0.0302017 0.0431080 -0.0370110 -0.0340183 0.0867565 -0.0325396 0.0492130 -0.0054326 0.0623879 0.1833107 0.0294807 0.0645485 -0.0293519 -0.0731124 -0.1349373 -0.0627668 0.0753818 -0.0602127 -0.1409654 -0.0392872 0.0343442 0.0232684 -0.0405996 0.0700318 -0.0470159 0.0797200 0.0539853 -0.0477065 -0.0415477 0.1471285 -0.0583628 -0.0435932 0.0082724 0.0268829 -0.0346929 -0.0219428 0.0213484 0.0161680 0.0540079 0.0419230 0.0532077 0.1247993 0.0551119 -0.0190662 0.1312672 0.0654544 -0.0559255 0.0411149 0.0193848 0.0582140 -0.0353435 0.1340121 -0.0378577 -0.0360402 -0.0556083 -0.0013964 -0.0474440 -0.0509012 0.0588104 0.0330340 -0.0545563 -0.0460574 0.0475334 -0.0772302 -0.0458433 0.0647164 -0.0763556 0.0788370 0.0308062 -0.0803072 -0.0412902
-0.2801063 -0.2786824 -0.2730064 0.0375368 -0.0209119 -0.0317544 0.9719589 -0.0533514 0.0560227 0.0765162 0.1171002 0.0823259 0.1018324 0.0349359 -0.0568960 0.0593720 -0.0393094 0.0470553 0.0713893 0.1159385 0.0006124 0.1216657 -0.0032157 0.0772964 -0.0763607 0.1208857 0.1381485 0.0103750 0.0349713 0.1103952 0.0642312 0.0520853 0.0696900 -0.0179033 0.0969410 0.0773646 -0.0467824 -0.0538164 0.1084152 -0.0105888 -0.0292259 0.1266498 -0.0455518 -0.0293532 -0.0349531 0.0523934 -0.2774241 -0.0192318 -0.0496930 0.0332578 -0.0569356 -0.0503588 -0.0651392 0.0118680 0.0343577 -0.0028138 0.0516607 0.0592343 -0.0471955 -0.0621156 0.1047302 -0.0707405 -0.0315122 0.0130371 0.0885319 -0.0165088 0.0146597 0.0185772 0.0923323 0.0298889 0.0815884 0.1485021 0.0468073 0.0816909 0.0825602 0.0150717 0.0804284 0.0994572
0.1071195 0.1056967 0.1047881 0.0445623 0.0200274 -0.0302017 -0.0533514 0.7522487 -0.0894513 -0.0586195 -0.1136421 -0.1409204 -0.1009516 -0.0556591 -0.0309094 -0.0890898 -0.0329488 -0.0729079 -0.1176207 -0.1225345 0.0837394 -0.0296165 0.1305859 -0.1278856 0.2826411 -0.0636055 -0.0981350 0.0169297 -0.0477718 -0.0602034 -0.1048564 0.0024529 -0.1253575 0.0028202 -0.0400432 -0.0450847 -0.0080550 0.1715286 -0.0654007 0.1046121 0.0394003 -0.0911979 0.1460093 0.0617346 0.0598777 -0.0773026 0.1065840 0.0020558 -0.0104016 -0.0393358 0.1174848 0.0212189 0.0853954 0.0496860 -0.0303511 0.0303724 -0.0757442 -0.0355695 -0.0071113 0.2087907 -0.1134835 0.2286166 0.1001496 0.0611351 -0.0298807 0.0071709 -0.0022712 0.0435781 -0.0378635 -0.0351677 -0.0411865 -0.1108363 -0.0749001 -0.0565278 -0.1342432 0.0136744 -0.0559131 -0.1144638
-0.3907395 -0.3877661 -0.3836955 -0.0320597 -0.1669808 0.0431080 0.0560227 -0.0894513 1.1691693 0.0552947 0.1108704 0.3101690 0.0978716 0.1873007 -0.1108647 0.2357986 0.0508885 0.3250252 0.2734119 0.1154102 0.0025031 -0.1207136 -0.0930269 0.3006081 -0.1434370 -0.1042651 0.0906014 -0.1565969 0.3149250 0.0502690 0.2600726 -0.0008357 0.2854213 -0.1624476 0.0315589 0.0413247 0.0050575 -0.1457965 0.0619822 -0.1807229 -0.1739762 0.0879274 -0.0513677 -0.1765498 -0.1815717 0.2195705 -0.3858225 -0.1592532 -0.0063115 0.2455141 -0.1884675 -0.0097724 -0.0693483 -0.0376197 0.1525734 0.0855844 0.2220132 0.0233520 0.0090700 -0.0997927 0.1073836 -0.2093664 -0.1951274 -0.0498200 0.0325649 -0.1613034 0.1176590 -0.0342327 0.0438712 0.1667092 0.1613795 0.1027655 0.3056871 0.1890432 0.2976046 0.1683135 0.1832721 0.1036673
-0.2717056 -0.2722734 -0.2649302 0.0135229 0.0037008 -0.0370110 0.0765162 -0.0586195 0.0552947 0.9555336 0.1277256 0.0802853 0.1157355 0.0481195 -0.0426074 0.0573831 -0.0360964 0.0405330 0.0759049 0.1375944 -0.0111636 0.1100099 -0.0186052 0.0771407 -0.0773122 0.1484837 0.1373947 -0.0199921 0.0322212 0.0727118 0.0680948 0.0581311 0.0679607 -0.0079725 0.0636684 0.0787975 -0.0429171 -0.0473898 0.0812869 -0.0339782 -0.0064887 0.0961494 -0.0431785 -0.0159404 -0.0217909 0.0544477 -0.2706994 -0.0031124 -0.0476443 0.0329222 -0.0405758 -0.0507408 -0.0661388 0.0296366 0.0352093 0.0044024 0.0493451 0.0705476 -0.0443756 -0.0528369 0.1281566 -0.0723701 -0.0512668 0.0291368 0.0603020 0.0038937 0.0122988 0.0346822 0.0621818 0.0308271 0.0854763 0.1125842 0.0493874 0.0894760 0.0730583 0.0080873 0.0952720 0.1308006
-0.3988701 -0.3966487 -0.3931601 0.0104259 -0.0018649 -0.0340183 0.1171002 -0.1136421 0.1108704 0.1277256 1.0494448 0.1401384 0.1756323 0.0613198 -0.0529481 0.0917848 -0.0301400 0.0841816 0.1181047 0.2142361 -0.0072490 0.1496448 -0.0563152 0.1301371 -0.1669558 0.2195759 0.1672624 -0.0138670 0.0660187 0.1176235 0.1149351 0.0600873 0.1304660 0.0096894 0.0996735 0.1126178 -0.0615995 -0.1108416 0.1207183 -0.0675141 -0.0231315 0.1457433 -0.0917303 -0.0397030 -0.0497249 0.0799095 -0.3950118 0.0051719 -0.0705084 0.0777941 -0.0816313 -0.0682680 -0.1133035 0.0108445 0.0446146 -0.0117446 0.0844419 0.0911537 -0.0615211 -0.1326640 0.2047277 -0.1470113 -0.0939366 0.0041868 0.0772413 0.0099974 0.0152920 0.0170363 0.0944785 0.0401012 0.1545625 0.1920076 0.1106195 0.1633361 0.1412099 0.0229904 0.1534062 0.1876727
-0.4914663 -0.4864385 -0.4827921 -0.0155166 -0.2663659 0.0867565 0.0823259 -0.1409204 0.3101690 0.0802853 0.1401384 1.2785743 0.1336085 0.3233935 -0.1260861 0.4010902 0.0901028 0.2773337 0.4628421 0.1484338 -0.1619366 -0.2200592 -0.1112399 0.4949203 -0.1624993 -0.2117321 0.1298635 -0.2597939 0.2481130 0.0783803 0.4273777 0.0260606 0.4714885 -0.2635913 0.0504114 0.0616362 0.0452587 -0.1863086 0.0947971 -0.2731096 -0.2708776 0.1216872 -0.0386381 -0.2701759 -0.2718400 0.3607435 -0.4857898 -0.2663775 0.0183041 0.2726052 -0.2749425 0.0151991 -0.0591542 -0.0355249 0.2766325 0.1953643 0.3621727 0.0429304 0.0558392 -0.0927846 0.1447010 -0.2877357 -0.2901534 -0.0535013 0.0473392 -0.2647220 0.2185736 -0.0356607 0.0817448 0.3105172 -0.0698932 0.1434972 0.3349762 -0.0529618 0.5027790 0.1825954 -0.0588598 0.1546051
-0.3603375 -0.3582014 -0.3510520 0.0090536 -0.0081375 -0.0325396 0.1018324 -0.1009516 0.0978716 0.1157355 0.1756323 0.1336085 1.0065368 0.0644505 -0.0483352 0.0972958 -0.0303430 0.0763685 0.1151610 0.1829403 0.0053054 0.1446531 -0.0475892 0.1216123 -0.1416229 0.1993914 0.1474104 -0.0239560 0.0547789 0.1069766 0.1009731 0.0599219 0.1197605 0.0035744 0.0846376 0.1021808 -0.0556599 -0.0960661 0.1167581 -0.0520546 -0.0239983 0.1421719 -0.0840986 -0.0329942 -0.0466994 0.0887532 -0.3572817 0.0085021 -0.0607131 0.0635517 -0.0689278 -0.0642222 -0.0941408 0.0091670 0.0442644 -0.0051445 0.0800837 0.0949144 -0.0539497 -0.1105610 0.1660826 -0.1310486 -0.0853991 0.0091014 0.0806114 0.0038365 0.0206906 0.0182968 0.0856087 0.0415703 0.1180608 0.1608800 0.0879608 0.1495740 0.1262643 0.0185245 0.1285861 0.1784130
-0.3055728 -0.3038219 -0.3011329 -0.0080226 -0.2041911 0.0492130 0.0349359 -0.0556591 0.1873007 0.0481195 0.0613198 0.3233935 0.0644505 1.0313044 -0.0832134 0.2859466 0.0562306 0.1701742 0.3047189 0.0628726 -0.0998551 -0.1817261 -0.0413726 0.3236519 -0.0175206 -0.1890540 0.0637655 -0.1985689 0.1535149 0.0426174 0.2936726 0.0280933 0.3180649 -0.2066197 0.0368655 0.0390173 0.0337398 -0.0918193 0.0499409 -0.1893877 -0.1992298 0.0591281 0.0228461 -0.1911377 -0.1891548 0.2629579 -0.3028691 -0.2141543 0.0126978 0.1684888 -0.1770234 0.0337277 -0.0139557 -0.0054866 0.2231313 0.1579827 0.2654821 0.0376989 -0.0053668 0.0101082 0.0708935 -0.1378438 -0.1891936 -0.0080410 0.0312256 -0.2051538 0.1821186 -0.0091805 0.0325701 0.2241162 -0.0824196 0.0607721 0.1993910 -0.0825045 0.3307219 0.1257574 -0.0779075 0.0775452
0.6820885 0.6749450 0.6053632 -0.0353799 0.0498851 -0.0054326 -0.0568960 -0.0309094 -0.1108647 -0.0426074 -0.0529481 -0.1260861 -0.0483352 -0.0832134 0.8752900 -0.1029676 -0.0212624 -0.1013495 -0.1081256 -0.0631379 -0.0177554 0.0067955 -0.0232159 -0.1243966 -0.0189836 0.0158842 -0.0645090 0.0303105 -0.1018481 -0.0450778 -0.1074102 -0.0328299 -0.1167901 0.0554775 -0.0518119 -0.0408972 0.0019702 -0.0019192 -0.0583465 0.0197076 0.0462657 -0.0651851 -0.0418506 0.0426349 0.0384119 -0.0929365 0.6720203 0.0527503 -0.0122578 -0.0937632 0.0213554 -0.0097109 -0.0052837 -0.0206883 -0.0799724 -0.0595402 -0.0868099 -0.0299673 -0.0129501 -0.0298270 -0.0606678 -0.0017124 0.0248653 -0.0255595 -0.0484322 0.0472952 -0.0676620 -0.0180516 -0.0481919 -0.0828979 -0.0427171 -0.0704015 -0.1193147 -0.0483247 -0.1240694 -0.0745133 -0.0501253 -0.0624990
-0.3847604 -0.3818553 -0.3732986 -0.0188483 -0.2322020 0.0623879 0.0593720 -0.0890898 0.2357986 0.0573831 0.0917848 0.4010902 0.0972958 0.2859466 -0.1029676 1.1235811 0.0708427 0.2111691 0.3760835 0.1008310 -0.1275443 -0.1982268 -0.0747991 0.3846785 -0.1000216 -0.2044985 0.0883917 -0.2285517 0.1927899 0.0626111 0.3474780 0.0129320 0.3924408 -0.2314272 0.0522967 0.0602862 0.0529229 -0.1334621 0.0687289 -0.2253125 -0.2304434 0.0796112 -0.0059876 -0.2240815 -0.2287249 0.3312334 -0.3805450 -0.2347888 0.0393191 0.2108378 -0.2176043 0.0183534 -0.0362974 -0.0211351 0.2590395 0.1626368 0.3327143 0.0407182 0.0483642 -0.0409392 0.1023884 -0.2246362 -0.2341174 -0.0231353 0.0563508 -0.2292409 0.2081352 -0.0109363 0.0377253 0.2659099 -0.0787807 0.0983644 0.2457419 -0.0703008 0.3937649 0.1553695 -0.0680931 0.0950854
0.0316471 0.0264952 0.0114767 -0.0562530 0.0481728 0.1833107 -0.0393094 -0.0329488 0.0508885 -0.0360964 -0.0301400 0.0901028 -0.0303430 0.0562306 -0.0212624 0.0708427 0.9408347 0.0344592 0.0836961 -0.0246993 -0.0713096 -0.1415600 -0.0591381 0.0849602 -0.0521498 -0.1447557 -0.0386387 0.0390820 0.0285004 -0.0426249 0.0803099 -0.0458202 0.0914421 0.0506682 -0.0450021 -0.0376804 0.1497656 -0.0630659 -0.0409620 0.0049442 0.0281912 -0.0328124 -0.0260229 0.0157920 0.0177357 0.0696615 0.0267010 0.0518438 0.1285464 0.0561223 -0.0196649 0.1338104 0.0640430 -0.0484991 0.0437346 0.0271341 0.0646110 -0.0395876 0.1409842 -0.0372479 -0.0354171 -0.0530446 -0.0080125 -0.0525871 0.0891310 0.0520727 0.0341486 -0.0482532 -0.0455730 0.0555256 -0.0810919 -0.0293852 0.0736439 -0.0819914 0.0906562 0.0378099 -0.0789715 -0.0319632
-0.3469957 -0.3425843 -0.3437624 -0.0107063 -0.1447169 0.0294807 0.0470553 -0.0729079 0.3250252 0.0405330 0.0841816 0.2773337 0.0763685 0.1701742 -0.1013495 0.2111691 0.0344592 1.0841599 0.2499898 0.0980249 0.0023666 -0.1060969 -0.0756339 0.2646804 -0.1101180 -0.0892908 0.0756998 -0.1488905 0.2717182 0.0483012 0.2317481 0.0121392 0.2438215 -0.1424107 0.0332286 0.0388542 0.0025649 -0.1175915 0.0532182 -0.1563761 -0.1538428 0.0666911 -0.0355113 -0.1515655 -0.1565719 0.1880393 -0.3425790 -0.1456292 -0.0114702 0.1953117 -0.1557897 -0.0052962 -0.0548037 -0.0223756 0.1393233 0.0858504 0.1950166 0.0275532 0.0199907 -0.0667495 0.0836474 -0.1714364 -0.1692819 -0.0363336 0.0216448 -0.1431770 0.1054680 -0.0229315 0.0395057 0.1591256 0.1219885 0.0837836 0.2411151 0.1494402 0.2715652 0.1457739 0.1408097 0.1027292
-0.4436053 -0.4403291 -0.4373873 -0.0159207 -0.2462583 0.0645485 0.0713893 -0.1176207 0.2734119 0.0759049 0.1181047 0.4628421 0.1151610 0.3047189 -0.1081256 0.3760835 0.0836961 0.2499898 1.1981864 0.1271047 -0.1429580 -0.2064885 -0.0946191 0.4462259 -0.1354669 -0.2057922 0.1159718 -0.2461211 0.2303192 0.0741319 0.3949728 0.0208956 0.4231753 -0.2491741 0.0614108 0.0541743 0.0416406 -0.1618306 0.0878988 -0.2549887 -0.2534517 0.1045304 -0.0222540 -0.2500692 -0.2465386 0.3333775 -0.4377691 -0.2519146 0.0197452 0.2320305 -0.2481304 0.0154530 -0.0502535 -0.0210800 0.2649139 0.1888709 0.3532039 0.0410336 0.0562616 -0.0681174 0.1244727 -0.2568810 -0.2644586 -0.0446933 0.0439984 -0.2491695 0.2090454 -0.0254799 0.0659782 0.2923259 -0.0719380 0.1277378 0.2855150 -0.0546320 0.4535372 0.1719590 -0.0592620 0.1322016
-0.4121598 -0.4096147 -0.4006324 0.0020271 -0.0064676 -0.0293519 0.1159385 -0.1225345 0.1154102 0.1375944 0.2142361 0.1484338 0.1829403 0.0628726 -0.0631379 0.1008310 -0.0246993 0.0980249 0.1271047 1.0503621 -0.0047224 0.1513816 -0.0639430 0.1393635 -0.1715810 0.2259632 0.1673137 -0.0201693 0.0679277 0.1197143 0.1188567 0.0622728 0.1391350 0.0076396 0.0998260 0.1088746 -0.0545680 -0.1117449 0.1276051 -0.0706014 -0.0237000 0.1501507 -0.1049093 -0.0262287 -0.0487448 0.0803905 -0.4077155 0.0077369 -0.0741065 0.0769471 -0.0843489 -0.0718434 -0.1154753 0.0101471 0.0401349 -0.0158143 0.0836175 0.0954356 -0.0601466 -0.1357830 0.2074066 -0.1541518 -0.0922163 0.0094306 0.0807104 0.0151772 0.0216929 0.0147721 0.0956438 0.0399878 0.1538615 0.1937561 0.1138492 0.1739368 0.1412020 0.0261356 0.1657947 0.1961853
-0.0216405 -0.0200455 -0.0191359 0.0460601 0.0866986 -0.0731124 0.0006124 0.0837394 0.0025031 -0.0111636 -0.0072490 -0.1619366 0.0053054 -0.0998551 -0.0177554 -0.1275443 -0.0713096 0.0023666 -0.1429580 -0.0047224 0.8686589 0.1431513 0.0892809 -0.1554252 0.1419566 0.1556253 -0.0629309 0.0755877 0.0139891 0.0187260 -0.1376103 0.0338554 -0.1514528 0.0930268 0.0109024 0.0262618 -0.0634386 0.0877381 -0.0058446 0.0883074 0.0880923 -0.0147727 0.0305196 0.0915334 0.0808836 -0.1169567 -0.0212184 0.0812135 -0.0486786 -0.0546334 0.1078145 -0.0451034 -0.0030805 0.0369049 -0.0862946 -0.0507195 -0.1156149 0.0248388 -0.0649375 0.0859661 -0.0083724 0.1440488 0.0925424 0.0538588 0.0127682 0.0834937 -0.0584512 0.0284720 0.0081294 -0.0943195 0.1619235 -0.0144259 -0.0740670 0.1727686 -0.1584571 -0.0341560 0.1647883 -0.0072113
-0.1772533 -0.1774070 -0.1708088 0.0726491 0.1997881 -0.1349373 0.1216657 -0.0296165 -0.1207136 0.1100099 0.1496448 -0.2200592 0.1446531 -0.1817261 0.0067955 -0.1982268 -0.1415600 -0.1060969 -0.2064885 0.1513816 0.1431513 1.2252196 0.0452784 -0.2112526 -0.0036098 0.4920155 0.1535537 0.2216769 -0.1155209 0.1409122 -0.1936223 0.0728594 -0.2164583 0.2179844 0.1255824 0.0985437 -0.1320272 0.0155778 0.1344460 0.1662824 0.1862757 0.1533034 -0.0940666 0.1838487 0.1853351 -0.1882098 -0.1767112 0.2254122 -0.1226745 -0.1278491 0.1255889 -0.1284603 -0.0995291 0.0580171 -0.1704704 -0.1565180 -0.1941230 0.1085926 -0.1330335 -0.0954268 0.1359058 0.0584000 0.1478528 0.0684246 0.1156391 0.2255795 -0.0977972 0.1262832 0.1153709 -0.1903664 0.2415657 0.1700443 -0.1408878 0.2641244 -0.2129957 -0.1220103 0.2427714 0.1387966
0.0233797 0.0220856 0.0393237 0.0789776 0.0159089 -0.0627668 -0.0032157 0.1305859 -0.0930269 -0.0186052 -0.0563152 -0.1112399 -0.0475892 -0.0413726 -0.0232159 -0.0747991 -0.0591381 -0.0756339 -0.0946191 -0.0639430 0.0892809 0.0452784 0.6917227 -0.1029404 0.4557197 0.0120116 -0.0251484 0.0225684 -0.0629421 0.0058567 -0.0838821 0.0309014 -0.1013521 0.0020825 0.0084678 0.0112355 -0.0398714 0.1385626 -0.0092230 0.0707696 0.0355270 -0.0224272 0.1142892 0.0550115 0.0507120 -0.0628266 0.0230070 0.0042358 -0.0115834 -0.0710592 0.0974002 -0.0175128 0.0448765 0.0815043 -0.0293702 0.0293436 -0.0528174 0.0174847 -0.0324832 0.3140377 -0.0630774 0.2390065 0.0873817 0.0663140 0.0152990 0.0005298 0.0224723 0.1349629 0.0140825 -0.0328359 -0.0252641 -0.0346937 -0.1120044 -0.0451510 -0.1075195 -0.0350951 -0.0388212 -0.0592193
-0.4884953 -0.4848204 -0.4806863 -0.0112012 -0.2607196 0.0753818 0.0772964 -0.1278856 0.3006081 0.0771407 0.1301371 0.4949203 0.1216123 0.3236519 -0.1243966 0.3846785 0.0849602 0.2646804 0.4462259 0.1393635 -0.1554252 -0.2112526 -0.1029404 1.2651397 -0.1585789 -0.2096384 0.1245722 -0.2548864 0.2365619 0.0839322 0.4214582 0.0183398 0.4594457 -0.2659807 0.0511775 0.0622962 0.0380183 -0.1769265 0.1048561 -0.2660397 -0.2696381 0.1242990 -0.0324097 -0.2644090 -0.2711630 0.3687517 -0.4838445 -0.2687310 0.0253969 0.2451703 -0.2687940 0.0177255 -0.0575059 -0.0276388 0.2738088 0.1853944 0.3562987 0.0479537 0.0751157 -0.0797256 0.1354656 -0.2803855 -0.2835679 -0.0440533 0.0533737 -0.2553881 0.2188933 -0.0331030 0.0690645 0.3196537 -0.0686703 0.1382557 0.3210464 -0.0530851 0.4791951 0.1724912 -0.0579592 0.1811502
0.1575406 0.1548237 0.1797074 0.1468501 0.0102859 -0.0602127 -0.0763607 0.2826411 -0.1434370 -0.0773122 -0.1669558 -0.1624993 -0.1416229 -0.0175206 -0.0189836 -0.1000216 -0.0521498 -0.1101180 -0.1354669 -0.1715810 0.1419566 -0.0036098 0.4557197 -0.1585789 0.4808225 -0.1285801 -0.1354589 0.0213946 -0.0759852 -0.0786381 -0.1210513 0.1935905 -0.1448433 -0.0430605 -0.0344273 -0.0477548 -0.0104977 0.2688287 -0.0804583 0.1027828 0.0434558 -0.1275159 0.2656041 0.1186290 0.0568995 -0.0738607 0.1566054 -0.0378815 0.0228284 -0.0989029 0.1905272 0.0159393 0.1312558 0.1955418 -0.0183403 0.0828875 -0.0552089 -0.0334036 -0.0096361 0.6248253 -0.1573149 0.2843446 0.1237984 0.1091953 -0.0280065 -0.0362660 0.1235676 0.3865240 -0.0207080 -0.0218958 -0.1154377 -0.1613477 -0.1546511 -0.1481281 -0.1569439 -0.0230458 -0.1329299 -0.1620350
-0.2434264 -0.2436619 -0.2395951 0.0469466 0.2383873 -0.1409654 0.1208857 -0.0636055 -0.1042651 0.1484837 0.2195759 -0.2117321 0.1993914 -0.1890540 0.0158842 -0.2044985 -0.1447557 -0.0892908 -0.2057922 0.2259632 0.1556253 0.4920155 0.0120116 -0.2096384 -0.1285801 1.3833729 0.1609384 0.2064032 -0.1156576 0.1386780 -0.2008857 0.1000524 -0.2052589 0.2703174 0.1132225 0.1344067 -0.1470006 -0.0115691 0.1365706 0.1474819 0.2174656 0.1550834 -0.1249651 0.1899421 0.1769623 -0.1985813 -0.2428789 0.2687582 -0.1442703 -0.1202971 0.1233378 -0.1488132 -0.1307140 0.0611819 -0.1837062 -0.1837063 -0.2004071 0.1303661 -0.1488038 -0.1325544 0.2057115 0.0275079 0.1197630 0.0573390 0.1075029 0.2736109 -0.1793724 0.0660390 0.1167917 -0.2070397 0.3110202 0.1851133 -0.1193264 0.3446505 -0.2050834 -0.1254988 0.3210005 0.2038217
-0.3699795 -0.3677929 -0.3632456 0.0388356 -0.0255265 -0.0392872 0.1381485 -0.0981350 0.0906014 0.1373947 0.1672624 0.1298635 0.1474104 0.0637655 -0.0645090 0.0883917 -0.0386387 0.0756998 0.1159718 0.1673137 -0.0629309 0.1535537 -0.0251484 0.1245722 -0.1354589 0.1609384 1.0317106 0.0155653 0.0609538 0.1420142 0.1076032 0.0492789 0.1170554 -0.0208586 0.1314512 0.0917110 -0.0531028 -0.0991967 0.1507567 -0.0263012 -0.0415613 0.1849590 -0.0833339 -0.0415794 -0.0631213 0.0760658 -0.3668264 -0.0203870 -0.0689202 0.0661567 -0.0861598 -0.0689725 -0.1024329 0.0181000 0.0492737 -0.0038735 0.0810673 0.0779438 -0.0575108 -0.0988176 0.1625160 -0.1344101 -0.0586239 -0.0035205 0.1063474 -0.0197120 0.0271238 0.0161805 0.1204872 0.0393158 0.1099657 0.2068796 0.0995445 0.1234637 0.1298396 0.0214395 0.1158258 0.1598359
0.1510403 0.1427025 0.1381944 0.0153722 0.2621086 0.0343442 0.0103750 0.0169297 -0.1565969 -0.0199921 -0.0138670 -0.2597939 -0.0239560 -0.1985689 0.0303105 -0.2285517 0.0390820 -0.1488905 -0.2461211 -0.0201693 0.0755877 0.2216769 0.0225684 -0.2548864 0.0213946 0.2064032 0.0155653 1.0555536 -0.1481864 0.0087154 -0.2302721 -0.0133111 -0.2553653 0.2642539 0.0136569 -0.0194941 0.0322653 0.0361146 0.0117647 0.2250805 0.2446031 0.0193941 -0.0535746 0.2729622 0.2227630 -0.2173876 0.1435373 0.2834588 0.0342705 -0.1310959 0.1773602 0.0399216 0.0277304 0.0004907 -0.1778640 -0.1417780 -0.2160838 -0.0141496 0.0322882 0.0111087 -0.0303683 0.1536729 0.2162555 0.0056932 0.0113749 0.2629392 -0.1118759 0.0012761 0.0178190 -0.1928917 0.0849384 0.0178743 -0.1518263 0.0763361 -0.2585267 -0.1145888 0.0835113 -0.0344383
-0.3062635 -0.3047370 -0.2947572 -0.0050224 -0.1503341 0.0232684 0.0349713 -0.0477718 0.3149250 0.0322212 0.0660187 0.2481130 0.0547789 0.1535149 -0.1018481 0.1927899 0.0285004 0.2717182 0.2303192 0.0679277 0.0139891 -0.1155209 -0.0629421 0.2365619 -0.0759852 -0.1156576 0.0609538 -0.1481864 1.0727634 0.0356310 0.2142545 0.0312083 0.2270619 -0.1517366 0.0259732 0.0272233 0.0044877 -0.0992345 0.0656094 -0.1444148 -0.1488710 0.0492429 -0.0192768 -0.1451095 -0.1514429 0.1745505 -0.3031493 -0.1460495 -0.0007416 0.1870520 -0.1473341 -0.0060018 -0.0445317 -0.0202757 0.1349234 0.0985941 0.1807335 0.0091749 0.0161821 -0.0396692 0.0575964 -0.1482273 -0.1558560 -0.0311094 0.0202323 -0.1490126 0.1089277 -0.0238204 0.0250685 0.1537672 0.1150950 0.0623926 0.2271717 0.1357367 0.2529382 0.1473278 0.1333848 0.0708904
-0.2790886 -0.2769652 -0.2746038 0.0418738 -0.0187820 -0.0405996 0.1103952 -0.0602034 0.0502690 0.0727118 0.1176235 0.0783803 0.1069766 0.0426174 -0.0450778 0.0626111 -0.0426249 0.0483012 0.0741319 0.1197143 0.0187260 0.1409122 0.0058567 0.0839322 -0.0786381 0.1386780 0.1420142 0.0087154 0.0356310 0.9760746 0.0717110 0.0512603 0.0757887 -0.0091654 0.1070223 0.0670899 -0.0495047 -0.0612585 0.1165509 -0.0171658 -0.0222765 0.1407538 -0.0518020 -0.0389913 -0.0394651 0.0576073 -0.2764740 -0.0164195 -0.0590092 0.0341343 -0.0547507 -0.0570330 -0.0712070 0.0097348 0.0290581 0.0004610 0.0595291 0.0691529 -0.0518768 -0.0623782 0.1113237 -0.0761683 -0.0326367 0.0091790 0.0953003 -0.0174721 0.0265775 0.0155444 0.0964889 0.0270558 0.0755196 0.1543019 0.0493472 0.0931712 0.0842349 0.0086234 0.0820862 0.1118452
-0.4237038 -0.4192810 -0.4162576 -0.0053277 -0.2394496 0.0700318 0.0642312 -0.1048564 0.2600726 0.0680948 0.1149351 0.4273777 0.1009731 0.2936726 -0.1074102 0.3474780 0.0803099 0.2317481 0.3949728 0.1188567 -0.1376103 -0.1936223 -0.0838821 0.4214582 -0.1210513 -0.2008857 0.1076032 -0.2302721 0.2142545 0.0717110 1.1758386 0.0211245 0.4071578 -0.2356535 0.0569746 0.0532461 0.0416169 -0.1534630 0.0794839 -0.2378654 -0.2414321 0.0957832 -0.0133468 -0.2372555 -0.2410055 0.3259624 -0.4190283 -0.2451438 0.0230316 0.2239534 -0.2347682 0.0220547 -0.0455605 -0.0226081 0.2595272 0.1811662 0.3349135 0.0434343 0.0497955 -0.0581606 0.1154604 -0.2425816 -0.2492993 -0.0358585 0.0476286 -0.2370465 0.2081841 -0.0253887 0.0629476 0.2833366 -0.0768133 0.1189957 0.2825311 -0.0689871 0.4306869 0.1669418 -0.0633843 0.1301737
-0.1641503 -0.1632489 -0.1591751 0.0605527 0.0028754 -0.0470159 0.0520853 0.0024529 -0.0008357 0.0581311 0.0600873 0.0260606 0.0599219 0.0280933 -0.0328299 0.0129320 -0.0458202 0.0121392 0.0208956 0.0622728 0.0338554 0.0728594 0.0309014 0.0183398 0.1935905 0.1000524 0.0492789 -0.0133111 0.0312083 0.0512603 0.0211245 0.8786821 0.0167999 -0.0010313 0.0413854 0.0538908 -0.0397647 0.0068397 0.0679118 -0.0028278 0.0001084 0.0411214 0.0185981 0.0020289 0.0075109 0.0130172 -0.1621364 0.0017006 -0.0331377 -0.0082090 -0.0058263 -0.0352580 -0.0223250 0.0737550 0.0094361 0.0127697 0.0141767 0.0489678 -0.0285185 0.2892720 0.0613187 -0.4534892 -0.0085291 0.0391000 0.0435759 0.0004353 0.0241232 0.1718583 0.0468938 0.0145210 0.0475991 0.0500257 -0.0127523 0.0457143 0.0177130 0.0040057 0.0434855 0.0611233
-0.4653159 -0.4606601 -0.4606132 -0.0321207 -0.2590962 0.0797200 0.0696900 -0.1253575 0.2854213 0.0679607 0.1304660 0.4714885 0.1197605 0.3180649 -0.1167901 0.3924408 0.0914421 0.2438215 0.4231753 0.1391350 -0.1514528 -0.2164583 -0.1013521 0.4594457 -0.1448433 -0.2052589 0.1170554 -0.2553653 0.2270619 0.0757887 0.4071578 0.0167999 1.2395009 -0.2498917 0.0679915 0.0642912 0.0592821 -0.1725599 0.0830234 -0.2607828 -0.2559121 0.1168914 -0.0251946 -0.2606691 -0.2612634 0.3662131 -0.4597782 -0.2626451 0.0304121 0.2487070 -0.2606950 0.0243386 -0.0528816 -0.0358196 0.2759237 0.1729313 0.3705802 0.0490349 0.0400307 -0.0775929 0.1403035 -0.2730749 -0.2739122 -0.0385331 0.0480020 -0.2539958 0.2230407 -0.0233794 0.0552051 0.2855940 -0.0652787 0.1260581 0.3140093 -0.0574568 0.4691050 0.1729891 -0.0645153 0.1385015
0.1571585 0.1502389 0.1311399 -0.0135851 0.2993175 0.0539853 -0.0179033 0.0028202 -0.1624476 -0.0079725 0.0096894 -0.2635913 0.0035744 -0.2066197 0.0554775 -0.2314272 0.0506682 -0.1424107 -0.2491741 0.0076396 0.0930268 0.2179844 0.0020825 -0.2659807 -0.0430605 0.2703174 -0.0208586 0.2642539 -0.1517366 -0.0091654 -0.2356535 -0.0010313 -0.2498917 1.0694503 -0.0122688 0.0006562 0.0456000 0.0266646 -0.0170596 0.2110280 0.2726438 -0.0163100 -0.0736318 0.2551527 0.2497469 -0.2189860 0.1496044 0.3114428 0.0398479 -0.1380857 0.1789984 0.0315413 0.0286208 -0.0007628 -0.1903433 -0.1566503 -0.2207261 0.0001373 0.0405616 -0.0616529 -0.0019836 0.1113515 0.1983309 0.0009360 -0.0130867 0.3195937 -0.1693804 0.0036535 -0.0153289 -0.2031448 0.1056976 -0.0164603 -0.1557860 0.1116029 -0.2615022 -0.1171997 0.1174768 -0.0024634
-0.2463186 -0.2453922 -0.2365594 0.0446342 -0.0204865 -0.0477065 0.0969410 -0.0400432 0.0315589 0.0636684 0.0996735 0.0504114 0.0846376 0.0368655 -0.0518119 0.0522967 -0.0450021 0.0332286 0.0614108 0.0998260 0.0109024 0.1255824 0.0084678 0.0511775 -0.0344273 0.1132225 0.1314512 0.0136569 0.0259732 0.1070223 0.0569746 0.0413854 0.0679915 -0.0122688 0.9475706 0.0699658 -0.0422340 -0.0399424 0.1010263 -0.0003117 -0.0179283 0.1102264 -0.0293145 -0.0346470 -0.0272239 0.0484809 -0.2440377 -0.0164171 -0.0468778 0.0162421 -0.0363476 -0.0500855 -0.0617572 0.0260313 0.0335745 0.0029773 0.0488546 0.0569576 -0.0508405 -0.0337716 0.1036383 -0.0541665 -0.0199797 0.0222133 0.0889148 -0.0163516 0.0206458 0.0345089 0.0944067 0.0244074 0.0642543 0.1364659 0.0331521 0.0731118 0.0606835 0.0095612 0.0675556 0.0924473
-0.2488357 -0.2482659 -0.2344244 0.0223115 -0.0023356 -0.0415477 0.0773646 -0.0450847 0.0413247 0.0787975 0.1126178 0.0616362 0.1021808 0.0390173 -0.0408972 0.0602862 -0.0376804 0.0388542 0.0541743 0.1088746 0.0262618 0.0985437 0.0112355 0.0622962 -0.0477548 0.1344067 0.0917110 -0.0194941 0.0272233 0.0670899 0.0532461 0.0538908 0.0642912 0.0006562 0.0699658 0.9460253 -0.0395863 -0.0346267 0.0761114 -0.0222385 -0.0110351 0.0839054 -0.0346867 -0.0125108 -0.0193578 0.0540130 -0.2465234 0.0021045 -0.0426315 0.0308976 -0.0292263 -0.0500160 -0.0579108 0.0248434 0.0299215 0.0011047 0.0634786 0.0689125 -0.0374012 -0.0345548 0.1236897 -0.0442205 -0.0408108 0.0277372 0.0615988 0.0058043 0.0126406 0.0415566 0.0563196 0.0174550 0.0783920 0.0968786 0.0402416 0.0890183 0.0624634 0.0090530 0.0857103 0.1024902
0.0946911 0.0881373 0.1798037 -0.0449354 0.0398411 0.1471285 -0.0467824 -0.0080550 0.0050575 -0.0429171 -0.0615995 0.0452587 -0.0556599 0.0337398 0.0019702 0.0529229 0.1497656 0.0025649 0.0416406 -0.0545680 -0.0634386 -0.1320272 -0.0398714 0.0380183 -0.0104977 -0.1470006 -0.0531028 0.0322653 0.0044877 -0.0495047 0.0416169 -0.0397647 0.0592821 0.0456000 -0.0422340 -0.0395863 0.9445460 -0.0305287 -0.0500512 0.0146298 0.0380334 -0.0498383 0.0007823 0.0256986 0.0267911 0.0507997 0.0876860 0.0411019 0.1393678 0.0381796 -0.0074711 0.1138269 0.0703923 -0.0330705 0.0349984 0.0218995 0.0447557 -0.0390377 0.1277773 -0.0131382 -0.0494459 -0.0177356 0.0206883 -0.0276851 -0.0399174 0.0441251 0.0285942 -0.0354609 -0.0456079 0.0330601 -0.0885211 -0.0624866 0.0250963 -0.0970782 0.0492161 0.0185127 -0.0979804 -0.0603526
0.1450422 0.1433081 0.1615464 0.0504747 0.0446411 -0.0583628 -0.0538164 0.1715286 -0.1457965 -0.0473898 -0.1108416 -0.1863086 -0.0960661 -0.0918193 -0.0019192 -0.1334621 -0.0630659 -0.1175915 -0.1618306 -0.1117449 0.0877381 0.0155778 0.1385626 -0.1769265 0.2688287 -0.0115691 -0.0991967 0.0361146 -0.0992345 -0.0612585 -0.1534630 0.0068397 -0.1725599 0.0266646 -0.0399424 -0.0346267 -0.0305287 0.5800373 -0.0675017 0.1030475 0.0788083 -0.0962880 0.1489757 0.0876360 0.0936233 -0.1220102 0.1446946 0.0267714 0.0003619 -0.1144985 0.1544468 -0.0053336 0.0791258 0.0628494 -0.0674462 0.0008150 -0.1223323 -0.0252436 -0.0281873 0.2092822 -0.1086439 0.2632196 0.1295703 0.0719163 -0.0321181 0.0254128 -0.0308694 0.0657045 -0.0367570 -0.0710259 -0.0454644 -0.1172164 -0.1542920 -0.0612494 -0.1849605 -0.0571829 -0.0626155 -0.1128492
-0.3031097 -0.3022461 -0.2968794 0.0406680 -0.0299487 -0.0435932 0.1084152 -0.0654007 0.0619822 0.0812869 0.1207183 0.0947971 0.1167581 0.0499409 -0.0583465 0.0687289 -0.0409620 0.0532182 0.0878988 0.1276051 -0.0058446 0.1344460 -0.0092230 0.1048561 -0.0804583 0.1365706 0.1507567 0.0117647 0.0656094 0.1165509 0.0794839 0.0679118 0.0830234 -0.0170596 0.1010263 0.0761114 -0.0500512 -0.0675017 1.0013555 -0.0113185 -0.0366522 0.1415546 -0.0561713 -0.0381508 -0.0477499 0.0509822 -0.3012673 -0.0159681 -0.0560691 0.0350758 -0.0626395 -0.0617822 -0.0780220 0.0339186 0.0275643 0.0007948 0.0553239 0.0622393 -0.0447203 -0.0571710 0.1241683 -0.0848275 -0.0326432 0.0110356 0.1037972 -0.0172254 0.0087364 0.0180410 0.0966344 0.0321435 0.0791958 0.1566874 0.0551230 0.0982823 0.1010575 0.0161688 0.0805680 0.1281108
0.1661845 0.1623920 0.1721500 0.0267766 0.2155987 0.0082724 -0.0105888 0.1046121 -0.1807229 -0.0339782 -0.0675141 -0.2731096 -0.0520546 -0.1893877 0.0197076 -0.2253125 0.0049442 -0.1563761 -0.2549887 -0.0706014 0.0883074 0.1662824 0.0707696 -0.2660397 0.1027828 0.1474819 -0.0263012 0.2250805 -0.1444148 -0.0171658 -0.2378654 -0.0028278 -0.2607828 0.2110280 -0.0003117 -0.0222385 0.0146298 0.1030475 -0.0113185 0.9068263 0.2205561 -0.0304063 0.0155279 0.1981494 0.2009777 -0.2092365 0.1637280 0.2185519 0.0306099 -0.1520908 0.3350053 0.0284798 0.0667067 0.0198863 -0.1653609 -0.1166302 -0.2093532 -0.0227076 0.0234102 0.0527967 -0.0657109 0.1981053 0.2207095 0.0264270 -0.0031469 0.2150917 -0.1296386 0.0229783 -0.0094644 -0.1782104 0.0419528 -0.0353886 -0.1806081 0.0350377 -0.2692538 -0.1080370 0.0391264 -0.0765835
0.1796031 0.1727191 0.1906113 -0.0000751 0.2645235 0.0268829 -0.0292259 0.0394003 -0.1739762 -0.0064887 -0.0231315 -0.2708776 -0.0239983 -0.1992298 0.0462657 -0.2304434 0.0281912 -0.1538428 -0.2534517 -0.0237000 0.0880923 0.1862757 0.0355270 -0.2696381 0.0434558 0.2174656 -0.0415613 0.2446031 -0.1488710 -0.0222765 -0.2414321 0.0001084 -0.2559121 0.2726438 -0.0179283 -0.0110351 0.0380334 0.0788083 -0.0366522 0.2205561 0.9832031 -0.0255001 -0.0257836 0.2363863 0.2433488 -0.2164892 0.1711875 0.2690184 0.0387937 -0.1452415 0.1265281 0.0359631 0.0497148 0.0145054 -0.1803970 -0.1281493 -0.2139496 -0.0004642 0.0348914 0.0069621 -0.0295919 0.1667015 0.1991892 0.0231590 -0.0260359 0.2741228 -0.1508750 0.0147970 -0.0218324 -0.1903097 0.0748363 -0.0428681 -0.1738747 0.0848693 -0.2630851 -0.1113643 0.0773995 -0.0415861
-0.3479235 -0.3440872 -0.3484417 0.0341772 -0.0278799 -0.0346929 0.1266498 -0.0911979 0.0879274 0.0961494 0.1457433 0.1216872 0.1421719 0.0591281 -0.0651851 0.0796112 -0.0328124 0.0666911 0.1045304 0.1501507 -0.0147727 0.1533034 -0.0224272 0.1242990 -0.1275159 0.1550834 0.1849590 0.0193941 0.0492429 0.1407538 0.0957832 0.0411214 0.1168914 -0.0163100 0.1102264 0.0839054 -0.0498383 -0.0962880 0.1415546 -0.0304063 -0.0255001 1.0333831 -0.0781043 -0.0479127 -0.0550847 0.0833600 -0.3437829 -0.0161053 -0.0644681 0.0572091 -0.0849692 -0.0005871 -0.0924983 0.0062673 0.0470441 -0.0033656 0.1030940 0.0704935 -0.0507220 -0.1042033 0.1530718 -0.1269778 -0.0539190 0.0038069 0.1053818 -0.0197534 0.0210271 0.0121717 0.1136531 0.0378414 0.0999300 0.1861973 0.0848638 0.1150164 0.1189107 0.0137321 0.1032527 0.1520163
0.0270868 0.0251708 0.0430677 0.0451574 -0.0563744 -0.0219428 -0.0455518 0.1460093 -0.0513677 -0.0431785 -0.0917303 -0.0386381 -0.0840986 0.0228461 -0.0418506 -0.0059876 -0.0260229 -0.0355113 -0.0222540 -0.1049093 0.0305196 -0.0940666 0.1142892 -0.0324097 0.2656041 -0.1249651 -0.0833339 -0.0535746 -0.0192768 -0.0518020 -0.0133468 0.0185981 -0.0251946 -0.0736318 -0.0293145 -0.0346867 0.0007823 0.1489757 -0.0561713 0.0155279 -0.0257836 -0.0781043 0.6441680 -0.0119951 0.0000186 0.0050195 0.0271618 -0.0745319 0.0182105 -0.0231991 0.0784559 0.0226841 0.0814107 0.0585623 0.0331939 0.0792494 0.0021558 -0.0207172 -0.0024972 0.2119385 -0.0944723 0.1574236 0.0321276 0.0494168 -0.0285290 -0.0730948 0.0593291 0.0449106 -0.0236549 0.0372995 -0.0913842 -0.0970586 -0.0506109 -0.1073621 -0.0351763 0.0176044 -0.1050744 -0.0882784
0.1728923 0.1661650 0.1544333 0.0072406 0.2494182 0.0213484 -0.0293532 0.0617346 -0.1765498 -0.0159404 -0.0397030 -0.2701759 -0.0329942 -0.1911377 0.0426349 -0.2240815 0.0157920 -0.1515655 -0.2500692 -0.0262287 0.0915334 0.1838487 0.0550115 -0.2644090 0.1186290 0.1899421 -0.0415794 0.2729622 -0.1451095 -0.0389913 -0.2372555 0.0020289 -0.2606691 0.2551527 -0.0346470 -0.0125108 0.0256986 0.0876360 -0.0381508 0.1981494 0.2363863 -0.0479127 -0.0119951 0.9416758 0.2317810 -0.2092156 0.1667574 0.2593241 0.0688983 -0.1456673 0.1879318 0.0357401 0.0572651 0.0277387 -0.1671541 -0.1206253 -0.2167250 -0.0016004 0.0192956 0.0760952 -0.0437756 0.2223376 0.2080322 0.0277383 -0.0222533 0.2562073 -0.0841053 0.0301194 -0.0307993 -0.1787501 0.0674202 -0.0592969 -0.1749119 0.0846952 -0.2648460 -0.1082433 0.0638181 -0.0439506
0.1810665 0.1794936 0.1592315 0.0059702 0.2444724 0.0161680 -0.0349531 0.0598777 -0.1815717 -0.0217909 -0.0497249 -0.2718400 -0.0466994 -0.1891548 0.0384119 -0.2287249 0.0177357 -0.1565719 -0.2465386 -0.0487448 0.0808836 0.1853351 0.0507120 -0.2711630 0.0568995 0.1769623 -0.0631213 0.2227630 -0.1514429 -0.0394651 -0.2410055 0.0075109 -0.2612634 0.2497469 -0.0272239 -0.0193578 0.0267911 0.0936233 -0.0477499 0.2009777 0.2433488 -0.0550847 0.0000186 0.2317810 0.9311627 -0.2126099 0.1797700 0.2401586 0.0379822 -0.1437021 0.2022128 0.0323553 0.0611786 0.0210853 -0.1702562 -0.1158100 -0.2134964 -0.0188275 0.0242453 0.0212613 -0.0502483 0.1600540 0.2016021 0.0273459 -0.0262291 0.2488738 -0.1349329 0.0268047 -0.0342421 -0.1840621 0.0627560 -0.0610701 -0.1779427 0.0520730 -0.2696714 -0.1055560 0.0548218 -0.0570368
-0.3483033 -0.3464804 -0.3378762 -0.0119008 -0.2169340 0.0540079 0.0523934 -0.0773026 0.2195705 0.0544477 0.0799095 0.3607435 0.0887532 0.2629579 -0.0929365 0.3312334 0.0696615 0.1880393 0.3333775 0.0803905 -0.1169567 -0.1882098 -0.0628266 0.3687517 -0.0738607 -0.1985813 0.0760658 -0.2173876 0.1745505 0.0576073 0.3259624 0.0130172 0.3662131 -0.2189860 0.0484809 0.0540130 0.0507997 -0.1220102 0.0509822 -0.2092365 -0.2164892 0.0833600 0.0050195 -0.2092156 -0.2126099 1.0928103 -0.3455325 -0.2275428 0.0438371 0.1972604 -0.2036663 0.0271789 -0.0269925 -0.0246689 0.2317521 0.1601890 0.3097980 0.0336827 0.0328905 -0.0286739 0.0982507 -0.1901524 -0.2180035 -0.0276580 0.0482967 -0.2183231 0.1968727 -0.0128377 0.0367963 0.2359513 -0.0732756 0.0817994 0.2274718 -0.0736810 0.3592558 0.1402715 -0.0740564 0.0876998
2.2161989 2.3859901 2.0420778 -0.0967572 0.1513489 0.0419230 -0.2774241 0.1065840 -0.3858225 -0.2706994 -0.3950118 -0.4857898 -0.3572817 -0.3028691 0.6720203 -0.3805450 0.0267010 -0.3425790 -0.4377691 -0.4077155 -0.0212184 -0.1767112 0.0230070 -0.4838445 0.1566054 -0.2428789 -0.3668264 0.1435373 -0.3031493 -0.2764740 -0.4190283 -0.1621364 -0.4597782 0.1496044 -0.2440377 -0.2465234 0.0876860 0.1446946 -0.3012673 0.1637280 0.1711875 -0.3437829 0.0271618 0.1667574 0.1797700 -0.3455325 2.2133706 0.1554353 0.0825860 -0.3094365 0.1761970 0.1016063 0.1383821 -0.0657702 -0.2537952 -0.1466112 -0.3514019 -0.2190940 0.0528747 0.0897281 -0.3935619 0.2016635 0.2119295 -0.0651401 -0.2305292 0.1371298 -0.1932411 -0.0789675 -0.2461714 -0.2624992 -0.2544512 -0.3889428 -0.4021734 -0.2937629 -0.4849773 -0.2032670 -0.2810908 -0.3984111
0.1629528 0.1563049 0.1319341 -0.0102188 0.2974458 0.0532077 -0.0192318 0.0020558 -0.1592532 -0.0031124 0.0051719 -0.2663775 0.0085021 -0.2141543 0.0527503 -0.2347888 0.0518438 -0.1456292 -0.2519146 0.0077369 0.0812135 0.2254122 0.0042358 -0.2687310 -0.0378815 0.2687582 -0.0203870 0.2834588 -0.1460495 -0.0164195 -0.2451438 0.0017006 -0.2626451 0.3114428 -0.0164171 0.0021045 0.0411019 0.0267714 -0.0159681 0.2185519 0.2690184 -0.0161053 -0.0745319 0.2593241 0.2401586 -0.2275428 0.1554353 1.0687625 0.0391548 -0.1438070 0.1837127 0.0456927 0.0355619 0.0055692 -0.1921095 -0.1622679 -0.2287236 0.0033612 0.0424967 -0.0571116 -0.0043091 0.1119092 0.2051220 0.0065940 -0.0116525 0.3262053 -0.1746910 0.0071542 -0.0191012 -0.2069003 0.1065918 -0.0224947 -0.1606662 0.1233654 -0.2618269 -0.1228218 0.1104252 -0.0055211
0.0866158 0.0821773 0.0796843 -0.0314578 0.0615403 0.1247993 -0.0496930 -0.0104016 -0.0063115 -0.0476443 -0.0705084 0.0183041 -0.0607131 0.0126978 -0.0122578 0.0393191 0.1285464 -0.0114702 0.0197452 -0.0741065 -0.0486786 -0.1226745 -0.0115834 0.0253969 0.0228284 -0.1442703 -0.0689202 0.0342705 -0.0007416 -0.0590092 0.0230316 -0.0331377 0.0304121 0.0398479 -0.0468778 -0.0426315 0.1393678 0.0003619 -0.0560691 0.0306099 0.0387937 -0.0644681 0.0182105 0.0688983 0.0379822 0.0438371 0.0825860 0.0391548 0.8828743 0.0100338 0.0177719 0.1069706 0.0886861 -0.0385672 0.0344256 0.0309226 0.0310536 -0.0441401 0.1180989 0.0331007 -0.0629157 -0.0026868 0.0337152 -0.0200023 -0.0387280 0.0422335 0.0276206 -0.0208167 -0.0566519 0.0236855 -0.1004357 -0.0730913 0.0074260 -0.0997475 0.0175206 0.0127650 -0.0965736 -0.0722606
