1.2853153 0.8547415 1.1432666 0.0130482 -0.1149829 -0.1040086 -0.0830141 0.1416440 -0.1498951 -0.0779060 -0.1357850 -0.1369629 -0.1353880 -0.0540664 0.4698216 -0.1008439 -0.1472271 -0.1171459 -0.1244366 -0.1702315 0.0103857 -0.1236351 0.0551140 -0.1178007 0.1256462 -0.1188549 -0.1217515 -0.1025968 -0.0927815 -0.0780665 -0.0758362 -0.0312112 -0.1360330 -0.1294201 -0.0609479 -0.0750986 -0.0963954 0.0887251 -0.0886666 -0.0464001 -0.0838499 -0.1133152 0.0717253 -0.0562757 -0.0776764 -0.0948291 0.8737584 -0.1224031 -0.0693305 -0.1195112 0.0152084 -0.0432779 0.0041618 0.0135958 -0.0266102 0.0009496 -0.0896126 -0.0404820 -0.0937978 0.1133079 -0.1354405 0.0671452 0.0159940 0.0125943 -0.0671840 -0.1179962 -0.0124931 -0.0004466 -0.0619067 -0.0209217 -0.1119333 -0.1455833 -0.2176994 -0.1763514 -0.1558142 -0.0639371 -0.1240418 -0.1366169
0.8547415 1.1913576 1.0464567 0.0026640 -0.1214845 -0.0977633 -0.0793344 0.1189774 -0.1477397 -0.0733468 -0.1380388 -0.1308552 -0.1260321 -0.0581736 0.3940290 -0.0875398 -0.1352389 -0.1150007 -0.1183758 -0.1615455 0.0043499 -0.0757066 0.0387277 -0.1245369 0.0981478 -0.1150231 -0.1179945 -0.0987799 -0.0927583 -0.0759535 -0.0856919 -0.0308806 -0.1322277 -0.1220671 -0.0592236 -0.0592152 -0.0828149 0.0735521 -0.0861968 -0.0367653 -0.0742520 -0.1066380 0.0580648 -0.0541119 -0.0676343 -0.0812229 1.3324171 -0.1149568 -0.0649326 -0.1190877 0.0160572 -0.0493378 0.0025439 0.0096422 -0.0283631 -0.0027274 -0.0843256 -0.0413746 -0.0871637 0.0869382 -0.1462044 0.0584566 0.0072477 0.0111009 -0.0583563 -0.1172274 -0.0181262 -0.0039347 -0.0559329 -0.0233578 -0.1106732 -0.1397252 -0.2124774 -0.1617439 -0.1471303 -0.0586776 -0.1283601 -0.1343721
1.1432666 1.0464567 1.7438856 0.0300645 -0.1732446 -0.1443746 -0.1085752 0.0659944 -0.2315856 -0.1132569 -0.2160979 -0.2177831 -0.1948592 -0.0815942 0.5682352 -0.1400048 -0.2205356 -0.1764717 -0.1791507 -0.2595706 0.0224165 -0.1118588 0.1008725 -0.1901185 0.2060247 -0.1842504 -0.1751483 -0.1579777 -0.1350167 -0.1032546 -0.1249083 -0.0380614 -0.2068880 -0.1828417 -0.0791111 -0.1015057 -0.1399933 0.1541817 -0.1270801 -0.0425429 -0.1021790 -0.1676399 0.1299355 -0.0796430 -0.0911306 -0.1219540 1.0467149 -0.1866377 -0.0885537 -0.1852885 0.0438219 -0.0462311 0.0257299 0.0362369 -0.0367433 0.0219725 -0.1132535 -0.0528229 -0.1313118 0.1793583 -0.2061621 0.1304443 0.0410263 0.0505745 -0.0755926 -0.1491339 -0.0007409 0.0201933 -0.0924129 -0.0222842 -0.1725110 -0.2123951 -0.3367116 -0.2598381 -0.2355247 -0.0929587 -0.2037981 -0.2177245
0.0130482 0.0026640 0.0300645 0.7943664 -0.0192860 -0.0574662 -0.0067183 0.0881507 -0.0336869 -0.0055241 -0.0312549 -0.0270211 -0.0319724 0.0074145 0.0007789 -0.0158907 -0.0326552 -0.0247331 -0.0274516 -0.0463503 0.0550416 -0.0071130 0.1187065 -0.0278052 0.2454704 -0.0224376 -0.0219648 -0.0163231 -0.0104263 0.0268789 -0.0131260 0.0143055 -0.0299764 -0.0250041 -0.0029578 0.0015879 -0.0105567 0.2225059 -0.0070909 0.0162051 -0.0118324 -0.0245445 0.1923131 -0.0020629 -0.0061267 0.1256105 0.0028625 -0.0237350 -0.0021955 -0.0158113 0.0395639 0.0100016 0.1660854 0.0761640 0.0175934 0.0403066 -0.0054841 0.0145308 -0.0140708 0.2167650 -0.0245871 0.1129800 0.1643072 0.1991498 0.0025881 -0.0316574 0.1619156 0.0512677 0.0024350 0.0187252 -0.0109152 -0.0315730 -0.0568760 -0.0444616 -0.0406707 -0.0021680 -0.0275997 -0.0278255
-0.1149829 -0.1214845 -0.1732446 -0.0192860 1.0456320 0.0452864 0.0241944 -0.0121746 0.0578624 0.0253333 0.0497404 0.0543592 0.0465678 0.0194619 -0.0454947 0.0288704 0.0542769 0.0609193 0.0460688 0.0678899 -0.0115891 0.0305107 -0.0247007 0.0508216 -0.0550837 0.0434349 0.0534684 0.0430175 0.0297109 0.0284490 0.0341676 -0.0011507 0.0508810 0.0488279 0.0223748 0.0217955 0.0321968 -0.0413488 0.0320749 0.0175938 0.0389281 0.0440195 -0.0327324 0.0189536 0.0178363 0.0297062 -0.1193101 0.0465332 0.0184932 0.0484677 -0.0209158 0.0197995 -0.0155047 -0.0225838 -0.0023223 -0.0185201 0.0286303 0.0108832 0.0317594 -0.0502455 0.0502003 -0.0499040 -0.0214367 -0.0201061 0.0190920 0.0435005 0.0050876 -0.0006870 0.0194262 0.0148633 0.0427306 0.0480567 0.0739438 0.0592671 0.0654787 0.0216195 0.0542763 0.0569351
-0.1040086 -0.0977633 -0.1443746 -0.0574662 0.0452864 1.1628472 0.0143101 -0.0538119 0.1010183 0.0175552 0.0580899 0.0668740 0.0508401 0.0066943 -0.0275258 0.0245078 0.1021141 0.0334776 0.0457968 0.1487972 -0.0042173 0.0281399 -0.0702234 0.1221759 -0.1399219 0.0411287 0.0509962 0.0325619 0.0248474 0.0207701 0.0341385 -0.0120582 0.0619774 0.0457922 0.0096675 0.0113542 0.0300730 -0.0946265 0.0244920 -0.0079409 -0.0028394 0.0792900 -0.1074105 0.0093588 0.0404713 0.0149929 -0.0989329 0.0472815 0.0041105 0.0559249 -0.0399473 0.0296255 -0.0108452 -0.0569361 -0.0216883 -0.0387991 0.0183341 0.0066946 0.0366580 -0.1027786 0.0921080 -0.0804862 -0.0531752 -0.0449821 0.0013961 0.0559650 -0.0212930 -0.0397306 0.0108812 -0.0093476 0.0442432 0.0607427 0.1270972 0.1054994 0.1082562 0.0554837 0.0590375 0.0656426
-0.0830141 -0.0793344 -0.1085752 -0.0067183 0.0241944 0.0143101 0.9833354 -0.0310681 0.0310697 0.0148663 0.0392087 0.0238916 0.0311178 0.0055532 -0.0325507 0.0256835 0.0296823 0.0360552 0.0254601 0.0345118 -0.0102877 0.0185052 -0.0152882 0.0155773 -0.0334225 0.0165857 0.0211372 0.0178710 0.0223128 0.0158780 0.0125728 -0.0004607 0.0249188 0.0233417 0.0177810 0.0145898 0.0216205 -0.0319957 0.0160814 0.0089307 0.0197646 0.0219125 -0.0278082 0.0166989 0.0252220 0.0245084 -0.0793958 0.0296979 0.0195551 0.0228952 -0.0119505 0.0105927 0.0035145 -0.0072894 0.0064812 -0.0068703 0.0281613 0.0056043 0.0250115 -0.0399346 0.0305877 -0.0204487 -0.0018373 -0.0099190 0.0157537 0.0244427 0.0006378 0.0034372 0.0165856 -0.0021747 0.0275148 0.0286849 0.0443416 0.0358101 0.0277086 0.0153028 0.0232543 0.0301855
0.1416440 0.1189774 0.0659944 0.0881507 -0.0121746 -0.0538119 -0.0310681 0.8389572 -0.0907393 -0.0297787 -0.0855304 -0.0860542 -0.0804662 0.0023140 0.0365995 -0.0436921 -0.0842000 -0.0696406 -0.0727323 -0.0823187 0.1023915 -0.0314725 0.2377759 -0.0773536 0.7200624 -0.0774850 -0.0695610 -0.0526007 -0.0545792 -0.0093083 -0.0494959 0.0262291 -0.0830458 -0.0795050 0.0879683 -0.0112704 -0.0446295 0.4845385 -0.0333518 0.0075651 -0.0266895 -0.0528638 0.4708675 0.0892339 -0.0260548 -0.0145635 0.1189313 -0.0709056 -0.0233497 -0.0741980 0.1346204 -0.0043097 0.1495464 0.3459952 0.0621144 0.1684219 -0.0394585 0.0019440 -0.0493737 0.5405204 -0.0637377 0.4395771 0.1198241 0.3581114 0.0105778 -0.0790971 0.0665895 0.1161655 0.0385379 0.1968041 -0.0648798 -0.0848006 -0.1378760 -0.1117669 -0.0676629 -0.0170588 -0.0889508 -0.0839769
-0.1498951 -0.1477397 -0.2315856 -0.0336869 0.0578624 0.1010183 0.0310697 -0.0907393 1.1872255 0.0272431 0.0777020 0.0850533 0.0635461 0.0090346 -0.0548163 0.0359702 0.0768800 0.0592780 0.0618788 0.0875441 -0.0357127 0.0278792 -0.0767292 0.0728735 -0.1230734 0.0754817 0.0684904 0.0507328 0.0382255 0.0302948 0.0488286 -0.0069784 0.0735471 0.0711121 0.0163162 0.0280138 0.0444434 -0.0976786 0.0292162 -0.0006592 0.0284660 0.0549115 -0.0818885 0.0173031 0.0147987 0.0246024 -0.1475113 0.0645620 0.0204684 0.0825609 -0.0331697 0.0151489 -0.0346512 -0.0368430 -0.0034385 -0.0348275 0.0328407 0.0058525 0.0360371 -0.1114211 0.0851928 -0.0899614 -0.0425744 -0.0420363 0.0041284 0.0613408 -0.0175236 -0.0347023 0.0162593 -0.0172715 0.0697378 0.0779083 0.1166368 0.0878513 0.0799629 0.0265671 0.0788493 0.0800647
-0.0779060 -0.0733468 -0.1132569 -0.0055241 0.0253333 0.0175552 0.0148663 -0.0297787 0.0272431 0.9689515 0.0266987 0.0207965 0.0187614 0.0092115 -0.0276243 0.0184854 0.0237215 0.0286220 0.0296966 0.0271137 0.0117632 0.0153513 -0.0049331 0.0234790 -0.0273015 0.0207955 0.0232171 0.0185289 0.0232864 0.0125001 0.0197479 0.0041772 0.0356019 0.0195560 0.0186074 0.0177350 0.0293442 -0.0011735 0.0121123 0.0030737 0.0139625 0.0212182 -0.0126634 0.0119449 0.0086401 0.0136032 -0.0718729 0.0321890 0.0078769 0.0193381 -0.0017660 0.0140338 -0.0077304 0.0064465 0.0026866 0.0022653 0.0068444 0.0146685 0.0197145 -0.0101476 0.0266390 -0.0145548 0.0010742 0.0176593 0.0067703 0.0207082 0.0119639 -0.0033904 0.0047490 0.0038634 0.0238567 0.0335950 0.0283809 0.0263906 0.0240488 0.0143906 0.0268543 0.0278467
-0.1357850 -0.1380388 -0.2160979 -0.0312549 0.0497404 0.0580899 0.0392087 -0.0855304 0.0777020 0.0266987 1.1674784 0.0736213 0.0663302 0.0038695 -0.0541420 0.0400305 0.0699678 0.0603443 0.0562994 0.0939430 -0.0334715 0.0283950 -0.0659108 0.0608954 -0.1201456 0.0523594 0.0638020 0.0448198 0.0447118 0.0191754 0.0377103 -0.0131317 0.0614191 0.0580968 0.0112465 0.0242006 0.0340601 -0.0846169 0.0357826 0.0019788 0.0250323 0.0529173 -0.0750123 0.0116740 0.0285341 0.0369153 -0.1392900 0.0556455 0.0210553 0.0682580 -0.0409091 0.0018086 -0.0258220 -0.0333567 0.0012008 -0.0343045 0.0289119 -0.0025445 0.0369689 -0.1054173 0.0898215 -0.0780856 -0.0393497 -0.0383776 0.0133745 0.0656535 -0.0190762 -0.0274688 0.0231617 -0.0168306 0.0671474 0.0740739 0.1137571 0.0914050 0.0711097 0.0282253 0.0679857 0.0751627
-0.1369629 -0.1308552 -0.2177831 -0.0270211 0.0543592 0.0668740 0.0238916 -0.0860542 0.0850533 0.0207965 0.0736213 1.1638913 0.0606191 0.0176203 -0.0528403 0.0400684 0.0736673 0.0505147 0.0606612 0.0956305 -0.0380906 0.0269879 -0.0665193 0.0717861 -0.1155257 0.0682585 0.0665906 0.0494966 0.0408582 0.0287883 0.0427748 -0.0043153 0.0646881 0.0720942 0.0180832 0.0291670 0.0313017 -0.0879753 0.0384912 -0.0048130 0.0226764 0.0579541 -0.0791022 0.0143565 0.0143917 0.0259072 -0.1317404 0.0613732 0.0212844 0.0748882 -0.0367828 0.0087570 -0.0355452 -0.0381858 -0.0105512 -0.0235455 0.0306005 0.0069205 0.0374084 -0.1033804 0.0834497 -0.0825433 -0.0355211 -0.0434266 0.0072638 0.0596419 -0.0161160 -0.0342642 0.0157538 -0.0127165 0.0607451 0.0706439 0.1108341 0.0864081 0.0837347 0.0254607 0.0677121 0.0720892
-0.1353880 -0.1260321 -0.1948592 -0.0319724 0.0465678 0.0508401 0.0311178 -0.0804662 0.0635461 0.0187614 0.0663302 0.0606191 1.1042409 0.0128330 -0.0548003 0.0415447 0.0641573 0.0515762 0.0565493 0.0918769 -0.0245122 0.0270494 -0.0529799 0.0523405 -0.0932493 0.0450173 0.0467777 0.0466205 0.0393218 0.0256340 0.0328530 -0.0068213 0.0585919 0.0582190 0.0168498 0.0216532 0.0279886 -0.0796832 0.0388232 0.0032559 0.0299493 0.0529739 -0.0689019 0.0193527 0.0331826 0.0449423 -0.1269885 0.0467682 0.0232888 0.0467718 -0.0350708 0.0074458 -0.0231899 -0.0330813 -0.0043182 -0.0245688 0.0405823 0.0007820 0.0362200 -0.0839620 0.0611375 -0.0657378 -0.0295181 -0.0383083 0.0207190 0.0561582 -0.0142906 -0.0161292 0.0206480 -0.0096133 0.0446512 0.0578310 0.0961431 0.0808749 0.0712187 0.0183377 0.0495243 0.0553444
-0.0540664 -0.0581736 -0.0815942 0.0074145 0.0194619 0.0066943 0.0055532 0.0023140 0.0090346 0.0092115 0.0038695 0.0176203 0.0128330 0.9168639 -0.0248991 0.0102062 0.0075936 0.0090878 0.0146549 0.0169382 0.0107588 0.0216862 0.0067901 0.0149240 -0.0047811 0.0227594 0.0163661 0.0126252 0.0107382 0.0104129 0.0130476 0.0137480 0.0095550 0.0147884 0.0116837 0.0158061 0.0136630 -0.0025255 0.0120071 0.0086682 0.0015044 0.0157696 0.0008578 0.0079376 0.0072500 0.0074607 -0.0580694 0.0133567 0.0125910 0.0070641 0.0069721 0.0158652 0.0142327 0.0076336 0.0059372 0.0112400 0.0133318 0.0172880 0.0072771 0.0041540 0.0047207 -0.0014699 0.0129795 0.0107128 0.0090142 0.0154452 0.0092143 0.0022390 0.0129593 0.0071583 0.0122405 0.0141154 0.0001793 0.0113992 0.0188486 0.0117013 0.0144969 0.0099518
0.4698216 0.3940290 0.5682352 0.0007789 -0.0454947 -0.0275258 -0.0325507 0.0365995 -0.0548163 -0.0276243 -0.0541420 -0.0528403 -0.0548003 -0.0248991 0.9881828 -0.0442642 -0.0597244 -0.0385200 -0.0506658 -0.0715483 -0.0046091 -0.0338803 0.0048353 -0.0433839 0.0204539 -0.0442235 -0.0468179 -0.0405949 -0.0361870 -0.0306541 -0.0324756 -0.0194343 -0.0570404 -0.0461685 -0.0261863 -0.0262428 -0.0314192 0.0090267 -0.0399460 -0.0234361 -0.0356312 -0.0460235 0.0061612 -0.0243399 -0.0252834 -0.0360465 0.3951763 -0.0399416 -0.0253605 -0.0409137 -0.0013803 -0.0133679 -0.0025825 0.0019015 -0.0136029 -0.0071382 -0.0351577 -0.0198304 -0.0425155 0.0160401 -0.0569042 0.0027024 -0.0040136 0.0041238 -0.0321173 -0.0529271 -0.0088041 -0.0071336 -0.0282667 -0.0167338 -0.0360688 -0.0564252 -0.0943781 -0.0749579 -0.0660164 -0.0278613 -0.0502726 -0.0460926
-0.1008439 -0.0875398 -0.1400048 -0.0158907 0.0288704 0.0245078 0.0256835 -0.0436921 0.0359702 0.0184854 0.0400305 0.0400684 0.0415447 0.0102062 -0.0442642 1.0149857 0.0568351 0.0374135 0.0319816 0.0410303 -0.0171560 0.0188328 -0.0224012 0.0345180 -0.0535681 0.0291333 0.0276215 0.0225525 0.0306939 0.0175113 0.0224959 0.0024241 0.0331188 0.0280119 0.0062178 0.0256176 0.0322566 -0.0449302 0.0200256 0.0159375 0.0262987 0.0267698 -0.0403892 0.0076989 0.0195284 0.0256591 -0.0864196 0.0301965 0.0202188 0.0328547 -0.0152020 0.0048645 -0.0060020 -0.0144208 0.0085965 -0.0117560 0.0230642 0.0046118 0.0321591 -0.0526706 0.0422288 -0.0386463 -0.0107121 -0.0139773 0.0146111 0.0396459 -0.0069877 -0.0069466 0.0231644 -0.0041637 0.0282051 0.0370758 0.0500934 0.0516949 0.0375718 0.0122293 0.0370426 0.0305913
-0.1472271 -0.1352389 -0.2205356 -0.0326552 0.0542769 0.1021141 0.0296823 -0.0842000 0.0768800 0.0237215 0.0699678 0.0736673 0.0641573 0.0075936 -0.0597244 0.0568351 1.1630931 0.0657082 0.0560696 0.0816679 -0.0337879 0.0216302 -0.0660228 0.0674397 -0.1163726 0.0612596 0.0516195 0.0408191 0.0386975 0.0221482 0.0409660 -0.0121392 0.0708572 0.0541474 0.0046072 0.0266968 0.0410089 -0.0872089 0.0305339 0.0104711 0.0411076 0.0493160 -0.0808721 0.0111018 0.0251892 0.0334685 -0.1333592 0.0498052 0.0188121 0.0640841 -0.0324944 0.0047395 -0.0289290 -0.0406908 -0.0015587 -0.0350278 0.0380748 -0.0009041 0.0447437 -0.1038222 0.0835775 -0.0790915 -0.0349300 -0.0416635 0.0107969 0.0786104 -0.0241387 -0.0268262 0.0233964 -0.0035991 0.0538833 0.0663585 0.1111614 0.0944100 0.0708472 0.0255073 0.0738298 0.0727393
-0.1171459 -0.1150007 -0.1764717 -0.0247331 0.0609193 0.0334776 0.0360552 -0.0696406 0.0592780 0.0286220 0.0603443 0.0505147 0.0515762 0.0090878 -0.0385200 0.0374135 0.0657082 1.0808895 0.0474256 0.0571750 -0.0127766 0.0175178 -0.0482396 0.0498076 -0.0737097 0.0462811 0.0445132 0.0353055 0.0332254 0.0208057 0.0338482 -0.0036043 0.0449139 0.0463364 0.0111604 0.0131503 0.0374839 -0.0583211 0.0183313 0.0106178 0.0294460 0.0353851 -0.0614981 0.0067034 0.0249920 0.0285573 -0.1156773 0.0467677 0.0240445 0.0482565 -0.0265870 0.0130014 -0.0126916 -0.0206341 0.0130875 -0.0249525 0.0210084 0.0013590 0.0345538 -0.0752773 0.0675128 -0.0524821 -0.0217650 -0.0124769 0.0136284 0.0549939 -0.0129362 -0.0163551 0.0176706 -0.0093754 0.0443372 0.0539233 0.0800932 0.0705543 0.0498493 0.0194996 0.0539168 0.0582327
-0.1244366 -0.1183758 -0.1791507 -0.0274516 0.0460688 0.0457968 0.0254601 -0.0727323 0.0618788 0.0296966 0.0562994 0.0606612 0.0565493 0.0146549 -0.0506658 0.0319816 0.0560696 0.0474256 1.0828584 0.0808683 -0.0201682 0.0317969 -0.0509606 0.0545029 -0.0905611 0.0465618 0.0490173 0.0486283 0.0324985 0.0279809 0.0376506 -0.0036101 0.0584354 0.0548336 0.0208285 0.0154825 0.0308493 -0.0699558 0.0327866 0.0011877 0.0289603 0.0462321 -0.0605265 0.0205899 0.0167310 0.0264206 -0.1180794 0.0501218 0.0192323 0.0525750 -0.0248002 0.0091033 -0.0241096 -0.0255267 -0.0056464 -0.0244782 0.0274275 0.0070144 0.0309013 -0.0762870 0.0610163 -0.0598277 -0.0287543 -0.0319517 0.0073356 0.0456093 -0.0075479 -0.0242109 0.0087115 -0.0036406 0.0426560 0.0570078 0.0797914 0.0636964 0.0669181 0.0215755 0.0587428 0.0595153
-0.1702315 -0.1615455 -0.2595706 -0.0463503 0.0678899 0.1487972 0.0345118 -0.0823187 0.0875441 0.0271137 0.0939430 0.0956305 0.0918769 0.0169382 -0.0715483 0.0410303 0.0816679 0.0571750 0.0808683 1.2607121 -0.0359919 0.0416955 -0.0836987 0.0709642 -0.1417221 0.0628751 0.0707275 0.0633636 0.0433468 0.0307514 0.0455595 -0.0080044 0.0865200 0.0819488 0.0184791 0.0251041 0.0446443 -0.1131990 0.0460375 -0.0101624 0.0197416 0.0659968 -0.1018010 0.0255551 0.0281160 0.0460817 -0.1620008 0.0684485 0.0171787 0.0648092 -0.0492582 0.0106503 -0.0476581 -0.0435862 -0.0169773 -0.0376986 0.0285167 -0.0018855 0.0423889 -0.1242929 0.0812089 -0.1004449 -0.0583232 -0.0538866 0.0096181 0.0661139 -0.0252862 -0.0442899 0.0080184 -0.0153673 0.0661919 0.0842478 0.1366507 0.1035972 0.1065726 0.0210201 0.0808713 0.0869563
0.0103857 0.0043499 0.0224165 0.0550416 -0.0115891 -0.0042173 -0.0102877 0.1023915 -0.0357127 0.0117632 -0.0334715 -0.0380906 -0.0245122 0.0107588 -0.0046091 -0.0171560 -0.0337879 -0.0127766 -0.0201682 -0.0359919 0.7931919 -0.0028593 0.0765653 -0.0165273 6.0342526 -0.0247809 -0.0203141 -0.0058727 -0.0054506 0.0040370 -0.0187629 0.0112637 -0.0268087 -0.0189855 0.0002339 0.0029038 -0.0081784 5.9900203 -0.0025070 0.0450292 -0.0140367 -0.0230448 0.0671374 0.0017165 -0.0082651 0.0016367 0.0049354 -0.0193152 0.0024633 -0.0211187 0.0310190 0.0073308 0.0222452 0.0444568 7.9818206 0.0843617 -0.0019470 0.0157705 -0.0157167 6.1287408 -0.0381110 0.1259666 0.0518108 0.0391974 0.0091180 -0.0308889 0.0283159 0.0303755 -0.0015821 0.0213915 -0.0146989 -0.0252160 -0.0570931 -0.0331869 -0.0329891 0.0002389 -0.0347489 -0.0159237
-0.1236351 -0.0757066 -0.1118588 -0.0071130 0.0305107 0.0281399 0.0185052 -0.0314725 0.0278792 0.0153513 0.0283950 0.0269879 0.0270494 0.0216862 -0.0338803 0.0188328 0.0216302 0.0175178 0.0317969 0.0416955 -0.0028593 0.9834473 -0.0175767 0.0271146 -0.0441736 0.0226496 0.0341785 0.0270455 0.0205049 0.0218255 0.0198333 0.0136628 0.0298753 0.0318625 0.0152570 0.0136423 0.0185930 0.3593351 0.0251002 0.0001427 0.0075481 0.0282623 0.3544530 0.0146357 0.0101289 0.0198819 -0.0757831 0.0232626 0.0152246 0.0272437 0.3638078 0.0057906 -0.0070655 -0.0030929 -0.0042947 -0.0044086 0.0146849 0.0122659 0.0149393 -0.0306149 0.0155446 -0.0327448 0.3613991 -0.0091246 0.0116464 0.0264837 0.0030973 -0.0059231 0.0193018 0.0074228 0.0243057 0.0348749 0.0340770 0.0355981 0.0403847 0.0123737 0.0233147 0.0276145
0.0551140 0.0387277 0.1008725 0.1187065 -0.0247007 -0.0702234 -0.0152882 0.2377759 -0.0767292 -0.0049331 -0.0659108 -0.0665193 -0.0529799 0.0067901 0.0048353 -0.0224012 -0.0660228 -0.0482396 -0.0509606 -0.0836987 0.0765653 -0.0175767 0.6752591 -0.0606538 0.3955067 -0.0536642 -0.0507496 -0.0385346 -0.0136287 0.0177993 -0.0362386 0.0525829 -0.0507858 -0.0561351 0.0226224 -0.0022399 -0.0317453 0.2842056 -0.0179329 0.0262600 -0.0097597 -0.0453070 0.2397090 -0.0063115 -0.0093318 -0.0002510 0.0385178 -0.0541497 -0.0017828 -0.0558003 0.1308126 -0.0089954 0.0675494 0.2100667 0.0119824 0.0571542 -0.0164461 0.0111619 -0.0221018 0.2586234 -0.0670761 0.2679882 0.0836536 0.1080134 0.0135729 -0.0575062 0.0414922 0.0724818 0.0223516 0.0331587 -0.0516532 -0.0669877 -0.1091974 -0.0826244 -0.0744988 -0.0171448 -0.0619075 -0.0690471
-0.1178007 -0.1245369 -0.1901185 -0.0278052 0.0508216 0.1221759 0.0155773 -0.0773536 0.0728735 0.0234790 0.0608954 0.0717861 0.0523405 0.0149240 -0.0433839 0.0345180 0.0674397 0.0498076 0.0545029 0.0709642 -0.0165273 0.0271146 -0.0606538 1.1342235 -0.0932864 0.0677532 0.0594294 0.0484728 0.0394349 0.0246259 0.0566229 -0.0000401 0.0581494 0.0596373 0.0127543 0.0198743 0.0357731 -0.0725090 0.0259563 -0.0015538 0.0290184 0.0461928 -0.0752308 0.0125243 0.0104765 0.0221467 -0.1244397 0.0509278 0.0153300 0.0687807 -0.0354092 0.0184394 -0.0238732 -0.0281755 0.0130272 -0.0273378 0.0216787 0.0113202 0.0325822 -0.0816751 0.0714626 -0.0766390 -0.0362910 -0.0373942 0.0044383 0.0687169 -0.0161325 -0.0260468 0.0122227 -0.0129209 0.0538617 0.0648166 0.0920844 0.0724580 0.0658431 0.0175374 0.0743475 0.0779172
0.1256462 0.0981478 0.2060247 0.2454704 -0.0550837 -0.1399219 -0.0334225 0.7200624 -0.1230734 -0.0273015 -0.1201456 -0.1155257 -0.0932493 -0.0047811 0.0204539 -0.0535681 -0.1163726 -0.0737097 -0.0905611 -0.1417221 6.0342526 -0.0441736 0.3955067 -0.0932864 0.5206117 -0.0980917 -0.0821941 -0.0651268 -0.0525881 0.0114038 -0.0682004 0.0412412 -0.1078894 -0.0950988 0.1455890 0.0423728 -0.0596731 6.0459886 -0.0440417 0.0765657 0.2515744 -0.0742710 1.1512105 0.0497844 -0.0302198 0.0767643 0.0988033 -0.0929772 -0.0220780 -0.0902748 0.1688252 -0.0149527 0.2520572 0.3988596 6.2544065 0.2503401 -0.0382886 0.0241934 -0.0620390 5.8000040 -0.1140801 0.5039784 0.2945294 0.5011510 0.0198963 -0.0942154 0.6242346 0.5505956 0.0329845 0.0543352 -0.0806311 -0.1151410 -0.1727938 -0.1296786 -0.1231338 -0.0241101 -0.1082915 -0.1053795
-0.1188549 -0.1150231 -0.1842504 -0.0224376 0.0434349 0.0411287 0.0165857 -0.0774850 0.0754817 0.0207955 0.0523594 0.0682585 0.0450173 0.0227594 -0.0442235 0.0291333 0.0612596 0.0462811 0.0465618 0.0628751 -0.0247809 0.0226496 -0.0536642 0.0677532 -0.0980917 1.1117930 0.0571761 0.0401962 0.0320662 0.0258931 0.0402815 0.0057731 0.0561536 0.0662879 0.0135325 0.0191354 0.0328485 -0.0795681 0.0248709 0.0056411 0.0239542 0.0514750 -0.0675380 0.0100250 0.0090244 0.0183950 -0.1157434 0.0485945 0.0196042 0.0676181 -0.0249527 0.0175020 -0.0172879 -0.0296510 -0.0082471 -0.0169583 0.0263359 0.0151564 0.0334638 -0.0847352 0.0582505 -0.0655732 -0.0256174 -0.0318291 0.0034064 0.0511681 -0.0094240 -0.0275166 0.0127511 -0.0075940 0.0535724 0.0606697 0.0728453 0.0678704 0.0638572 0.0164915 0.0645752 0.0558007
-0.1217515 -0.1179945 -0.1751483 -0.0219648 0.0534684 0.0509962 0.0211372 -0.0695610 0.0684904 0.0232171 0.0638020 0.0665906 0.0467777 0.0163661 -0.0468179 0.0276215 0.0516195 0.0445132 0.0490173 0.0707275 -0.0203141 0.0341785 -0.0507496 0.0594294 -0.0821941 0.0571761 1.0898935 0.0412074 0.0317397 0.0224313 0.0376610 0.0057589 0.0577835 0.0595504 0.0186333 0.0224136 0.0323895 -0.0661810 0.0261097 0.0005440 0.0217791 0.0507903 -0.0612347 0.0169755 0.0132140 0.0208513 -0.1181700 0.0494356 0.0205172 0.0564366 -0.0223506 0.0100427 -0.0182098 -0.0235323 -0.0031649 -0.0165429 0.0300336 0.0066888 0.0319575 -0.0791600 0.0648962 -0.0633091 -0.0280593 -0.0305674 0.0084310 0.0486709 -0.0089958 -0.0219643 0.0162447 -0.0004851 0.0487139 0.0608136 0.0813968 0.0685462 0.0722707 0.0194711 0.0562256 0.0556643
-0.1025968 -0.0987799 -0.1579777 -0.0163231 0.0430175 0.0325619 0.0178710 -0.0526007 0.0507328 0.0185289 0.0448198 0.0494966 0.0466205 0.0126252 -0.0405949 0.0225525 0.0408191 0.0353055 0.0486283 0.0633636 -0.0058727 0.0270455 -0.0385346 0.0484728 -0.0651268 0.0401962 0.0412074 1.0505465 0.0239088 0.0212893 0.0359422 0.0006761 0.0431137 0.0452489 0.0172614 0.0159803 0.0211042 -0.0499673 0.0269594 0.0010672 0.0185309 0.0347936 -0.0470459 0.0114475 0.0181863 0.0249410 -0.0998580 0.0406110 0.0148712 0.0465778 -0.0174361 0.0123934 -0.0149805 -0.0132441 0.0043929 -0.0106730 0.0230457 0.0047344 0.0231871 -0.0563294 0.0474757 -0.0454121 -0.0225386 -0.0200305 0.0130183 0.0345661 -0.0083450 -0.0187937 0.0130700 0.0012316 0.0448759 0.0529864 0.0647247 0.0539909 0.0510458 0.0179003 0.0450805 0.0444328
-0.0927815 -0.0927583 -0.1350167 -0.0104263 0.0297109 0.0248474 0.0223128 -0.0545792 0.0382255 0.0232864 0.0447118 0.0408582 0.0393218 0.0107382 -0.0361870 0.0306939 0.0386975 0.0332254 0.0324985 0.0433468 -0.0054506 0.0205049 -0.0136287 0.0394349 -0.0525881 0.0320662 0.0317397 0.0239088 1.0265856 0.0211099 0.0234923 0.0090953 0.0485575 0.0318202 0.0100877 0.0094276 0.0212134 -0.0299291 0.0273586 0.0086351 0.0210573 0.0308124 -0.0412838 0.0163005 0.0235570 0.0248259 -0.0913042 0.0323546 0.0172018 0.0277356 -0.0184369 0.0094091 -0.0038119 -0.0123141 0.0141903 -0.0047524 0.0240432 0.0056707 0.0235437 -0.0357742 0.0405777 -0.0389287 -0.0125126 -0.0017745 0.0161171 0.0405194 -0.0049281 -0.0026747 0.0160131 -0.0029404 0.0349798 0.0414687 0.0654035 0.0457049 0.0460867 0.0130106 0.0371277 0.0356504
-0.0780665 -0.0759535 -0.1032546 0.0268789 0.0284490 0.0207701 0.0158780 -0.0093083 0.0302948 0.0125001 0.0191754 0.0287883 0.0256340 0.0104129 -0.0306541 0.0175113 0.0221482 0.0208057 0.0279809 0.0307514 0.0040370 0.0218255 0.0177993 0.0246259 0.0114038 0.0258931 0.0224313 0.0212893 0.0211099 0.9746466 0.0236929 0.0086304 0.0259531 0.0274305 0.0128997 0.0165598 0.0198371 0.0089192 0.0191080 0.0036596 0.0114189 0.0207488 -0.0150766 0.0086348 0.0139821 0.0332538 -0.0728949 0.0304816 0.0101060 0.0209290 -0.0035391 0.0155538 0.0107276 0.0289670 0.0046274 -0.0002564 0.0180350 0.0103689 0.0233723 -0.0124489 0.0212362 0.0108855 -0.0054110 0.0045878 0.0108325 0.0200449 0.0008600 0.0097559 0.0267272 -0.0030867 0.0269405 0.0298739 0.0278571 0.0276780 0.0324934 0.0136207 0.0308986 0.0313065
-0.0758362 -0.0856919 -0.1249083 -0.0131260 0.0341676 0.0341385 0.0125728 -0.0494959 0.0488286 0.0197479 0.0377103 0.0427748 0.0328530 0.0130476 -0.0324756 0.0224959 0.0409660 0.0338482 0.0376506 0.0455595 -0.0187629 0.0198333 -0.0362386 0.0566229 -0.0682004 0.0402815 0.0376610 0.0359422 0.0234923 0.0236929 1.0435963 0.0082963 0.0424755 0.0405761 0.0158073 0.0133838 0.0269131 -0.0537038 0.0204465 0.0052439 0.0146753 0.0393385 -0.0440820 0.0129954 0.0076029 0.0083953 -0.0855323 0.0366342 0.0147732 0.0417305 -0.0119962 0.0135443 -0.0186810 -0.0166354 -0.0038786 -0.0107310 0.0207144 0.0106063 0.0250491 -0.0590069 0.0468430 -0.0469331 -0.0175982 -0.0141333 0.0050550 0.0509665 -0.0069972 -0.0159951 0.0052585 -0.0043647 0.0271945 0.0428375 0.0492239 0.0477245 0.0417186 0.0143606 0.0433358 0.0441781
-0.0312112 -0.0308806 -0.0380614 0.0143055 -0.0011507 -0.0120582 -0.0004607 0.0262291 -0.0069784 0.0041772 -0.0131317 -0.0043153 -0.0068213 0.0137480 -0.0194343 0.0024241 -0.0121392 -0.0036043 -0.0036101 -0.0080044 0.0112637 0.0136628 0.0525829 -0.0000401 0.0412412 0.0057731 0.0057589 0.0006761 0.0090953 0.0086304 0.0082963 0.8679895 0.0029687 0.0009411 0.0123025 0.0062673 -0.0008823 0.0588845 0.0054252 0.0108453 0.0042635 0.0019625 0.0342166 0.0076240 0.0020305 0.0029608 -0.0298508 -0.0027340 0.0122760 -0.0030080 0.0211390 0.0063364 0.0105617 0.0439145 0.0004037 0.0193163 -0.0001214 0.0119479 0.0025695 0.0354218 -0.0135238 0.0292460 0.0220234 0.0139202 0.0098582 -0.0053523 0.0125498 0.0179474 0.0055761 0.0161988 -0.0021050 -0.0030458 -0.0254943 -0.0108683 -0.0068856 0.0036719 -0.0029543 -0.0052813
-0.1360330 -0.1322277 -0.2068880 -0.0299764 0.0508810 0.0619774 0.0249188 -0.0830458 0.0735471 0.0356019 0.0614191 0.0646881 0.0585919 0.0095550 -0.0570404 0.0331188 0.0708572 0.0449139 0.0584354 0.0865200 -0.0268087 0.0298753 -0.0507858 0.0581494 -0.1078894 0.0561536 0.0577835 0.0431137 0.0485575 0.0259531 0.0424755 0.0029687 1.1388270 0.0555626 0.0163521 0.0216599 0.0343751 -0.0735955 0.0339518 -0.0012884 0.0290402 0.0506998 -0.0777430 0.0255854 0.0226709 0.0304794 -0.1332465 0.0575643 0.0164572 0.0561136 -0.0321881 0.0192781 -0.0327048 -0.0285915 -0.0114816 -0.0283067 0.0312603 0.0076756 0.0434528 -0.0833054 0.0605337 -0.0744351 -0.0390468 -0.0249211 0.0083702 0.0599472 -0.0174373 -0.0301185 0.0110014 -0.0031597 0.0495727 0.0659475 0.0972261 0.0826619 0.0754981 0.0283430 0.0694133 0.0696092
-0.1294201 -0.1220671 -0.1828417 -0.0250041 0.0488279 0.0457922 0.0233417 -0.0795050 0.0711121 0.0195560 0.0580968 0.0720942 0.0582190 0.0147884 -0.0461685 0.0280119 0.0541474 0.0463364 0.0548336 0.0819488 -0.0189855 0.0318625 -0.0561351 0.0596373 -0.0950988 0.0662879 0.0595504 0.0452489 0.0318202 0.0274305 0.0405761 0.0009411 0.0555626 1.1155436 0.0163066 0.0210457 0.0313818 -0.0754892 0.0300130 0.0042933 0.0231383 0.0452392 -0.0661331 0.0168401 0.0148671 0.0272013 -0.1222095 0.0513727 0.0217402 0.0574765 -0.0269959 0.0190181 -0.0237628 -0.0296730 -0.0021469 -0.0193848 0.0367347 0.0114979 0.0328300 -0.0819398 0.0560343 -0.0731797 -0.0297274 -0.0350311 0.0055194 0.0476941 -0.0125489 -0.0238296 0.0106861 -0.0104837 0.0465064 0.0583559 0.0861533 0.0686466 0.0701981 0.0172218 0.0598642 0.0594752
-0.0609479 -0.0592236 -0.0791111 -0.0029578 0.0223748 0.0096675 0.0177810 0.0879683 0.0163162 0.0186074 0.0112465 0.0180832 0.0168498 0.0116837 -0.0261863 0.0062178 0.0046072 0.0111604 0.0208285 0.0184791 0.0002339 0.0152570 0.0226224 0.0127543 0.1455890 0.0135325 0.0186333 0.0172614 0.0100877 0.0128997 0.0158073 0.0123025 0.0163521 0.0163066 0.9368118 0.0131494 0.0048189 0.1340565 0.0163780 0.0037713 0.0058129 0.0173725 0.0494411 0.0068152 0.0084172 0.0062398 -0.0579467 0.0171573 0.0138289 0.0148521 0.0042108 0.0054978 0.0006122 0.0903245 0.0030519 0.0882775 0.0117784 0.0098831 0.0139059 0.0268775 0.0112645 0.0226150 0.0312499 0.0195444 0.0124940 0.0076637 0.0043166 -0.0024467 0.0244663 0.0059184 0.0184562 0.0150098 0.0114795 0.0119864 0.0189890 0.0165720 0.0157212 0.0153226
-0.0750986 -0.0592152 -0.1015057 0.0015879 0.0217955 0.0113542 0.0145898 -0.0112704 0.0280138 0.0177350 0.0242006 0.0291670 0.0216532 0.0158061 -0.0262428 0.0256176 0.0266968 0.0131503 0.0154825 0.0251041 0.0029038 0.0136423 -0.0022399 0.0198743 0.0423728 0.0191354 0.0224136 0.0159803 0.0094276 0.0165598 0.0133838 0.0062673 0.0216599 0.0210457 0.0131494 0.9691110 0.0229021 0.0522828 0.0163735 0.0080640 0.0120048 0.0206703 -0.0148335 0.0118962 0.0077442 0.0231752 -0.0589492 0.0211570 0.0088824 0.0258120 0.0092533 0.0067766 -0.0003884 0.0061848 0.0081237 -0.0036510 0.0110025 0.0043290 0.0173340 0.0470122 0.0299106 -0.0036552 -0.0039651 0.0047943 0.0097292 0.0149631 0.0007740 -0.0027524 0.0213123 0.0045374 0.0216351 0.0193521 0.0196069 0.0263809 0.0231932 0.0165621 0.0243658 0.0190199
-0.0963954 -0.0828149 -0.1399933 -0.0105567 0.0321968 0.0300730 0.0216205 -0.0446295 0.0444434 0.0293442 0.0340601 0.0313017 0.0279886 0.0136630 -0.0314192 0.0322566 0.0410089 0.0374839 0.0308493 0.0446443 -0.0081784 0.0185930 -0.0317453 0.0357731 -0.0596731 0.0328485 0.0323895 0.0211042 0.0212134 0.0198371 0.0269131 -0.0008823 0.0343751 0.0313818 0.0048189 0.0229021 1.0304345 -0.0456821 0.0148203 0.0077801 0.0105796 0.0308628 -0.0436680 0.0121481 0.0167776 0.0174079 -0.0827459 0.0442484 0.0091458 0.0345416 -0.0159043 0.0187362 -0.0139482 -0.0084153 0.0056613 -0.0145840 0.0112355 0.0048267 0.0263972 -0.0516688 0.0332988 -0.0445306 -0.0173859 -0.0061587 0.0030827 0.0347085 -0.0020005 -0.0108398 0.0146111 -0.0004890 0.0373570 0.0506134 0.0493668 0.0476241 0.0414192 0.0143213 0.0367141 0.0456744
0.0887251 0.0735521 0.1541817 0.2225059 -0.0413488 -0.0946265 -0.0319957 0.4845385 -0.0976786 -0.0011735 -0.0846169 -0.0879753 -0.0796832 -0.0025255 0.0090267 -0.0449302 -0.0872089 -0.0583211 -0.0699558 -0.1131990 5.9900203 0.3593351 0.2842056 -0.0725090 6.0459886 -0.0795681 -0.0661810 -0.0499673 -0.0299291 0.0089192 -0.0537038 0.0588845 -0.0735955 -0.0754892 0.1340565 0.0522828 -0.0456821 0.6054254 -0.0289577 0.0133005 0.2574480 -0.0596342 2.4117446 0.0516695 -0.0227278 0.0738868 0.0742052 -0.0717231 -0.0049323 -0.0731137 0.5078430 -0.0102940 0.2288712 0.3862078 6.2614002 0.2399465 -0.0373493 0.0217407 -0.0537540 5.6689744 -0.0935922 0.3822443 0.6288018 0.2423800 0.0050114 -0.0790794 0.6150963 0.5733545 0.0247071 0.0530178 -0.0577805 -0.0851259 -0.1380606 -0.1062448 -0.0989191 1.1039480 -0.0905125 -0.0800276
-0.0886666 -0.0861968 -0.1270801 -0.0070909 0.0320749 0.0244920 0.0160814 -0.0333518 0.0292162 0.0121123 0.0357826 0.0384912 0.0388232 0.0120071 -0.0399460 0.0200256 0.0305339 0.0183313 0.0327866 0.0460375 -0.0025070 0.0251002 -0.0179329 0.0259563 -0.0440417 0.0248709 0.0261097 0.0269594 0.0273586 0.0191080 0.0204465 0.0054252 0.0339518 0.0300130 0.0163780 0.0163735 0.0148203 -0.0289577 0.9988931 0.0055912 0.0127864 0.0370838 -0.0226179 0.0186771 0.0207261 0.0249400 -0.0860489 0.0248956 0.0178402 0.0252419 -0.0124148 0.0084155 -0.0137026 -0.0066258 -0.0032119 -0.0078296 0.0229377 0.0082290 0.0225536 -0.0332731 0.0306728 -0.0192504 -0.0144875 -0.0126418 0.0167854 0.0269269 0.0008707 -0.0033164 0.0185512 0.0060499 0.0269542 0.0339255 0.0357963 0.0384581 0.0459059 0.0144271 0.0246641 0.0338375
-0.0464001 -0.0367653 -0.0425429 0.0162051 0.0175938 -0.0079409 0.0089307 0.0075651 -0.0006592 0.0030737 0.0019788 -0.0048130 0.0032559 0.0086682 -0.0234361 0.0159375 0.0104711 0.0106178 0.0011877 -0.0101624 0.0450292 0.0001427 0.0262600 -0.0015538 0.0765657 0.0056411 0.0005440 0.0010672 0.0086351 0.0036596 0.0052439 0.0108453 -0.0012884 0.0042933 0.0037713 0.0080640 0.0077801 0.0133005 0.0055912 0.8787495 0.0175517 -0.0018604 0.0123105 0.0113189 0.0101230 0.0126693 -0.0374093 -0.0057357 0.0184187 -0.0008361 0.0157493 0.0044858 0.0224992 0.0147146 0.0133809 0.0087369 0.0183454 0.0087463 0.0073415 0.0623713 0.0040711 0.0689422 0.0245277 0.0095468 0.0167003 0.0144791 0.0059120 0.0164092 0.0130493 0.0080208 -0.0066265 -0.0063755 -0.0104295 0.0044288 -0.0061646 -0.0013893 0.0036033 -0.0051646
-0.0838499 -0.0742520 -0.1021790 -0.0118324 0.0389281 -0.0028394 0.0197646 -0.0266895 0.0284660 0.0139625 0.0250323 0.0226764 0.0299493 0.0015044 -0.0356312 0.0262987 0.0411076 0.0294460 0.0289603 0.0197416 -0.0140367 0.0075481 -0.0097597 0.0290184 0.2515744 0.0239542 0.0217791 0.0185309 0.0210573 0.0114189 0.0146753 0.0042635 0.0290402 0.0231383 0.0058129 0.0120048 0.0105796 0.2574480 0.0127864 0.0175517 0.9719626 0.0175476 -0.0180463 0.0098874 0.0196023 0.0215569 -0.0727462 0.0164875 0.0187293 0.0241744 -0.0039816 0.0053971 0.0053378 -0.0060137 0.0029165 -0.0075002 0.0231418 0.0090430 0.0285300 -0.0358232 0.0312666 -0.0019940 0.0079757 -0.0091026 0.0119778 0.0340152 0.0006807 -0.0006417 0.0139476 0.0017769 0.0103422 0.0248925 0.0292917 0.0349010 0.0186001 0.0188462 0.0268678 0.0238067
-0.1133152 -0.1066380 -0.1676399 -0.0245445 0.0440195 0.0792900 0.0219125 -0.0528638 0.0549115 0.0212182 0.0529173 0.0579541 0.0529739 0.0157696 -0.0460235 0.0267698 0.0493160 0.0353851 0.0462321 0.0659968 -0.0230448 0.0282623 -0.0453070 0.0461928 -0.0742710 0.0514750 0.0507903 0.0347936 0.0308124 0.0207488 0.0393385 0.0019625 0.0506998 0.0452392 0.0173725 0.0206703 0.0308628 -0.0596342 0.0370838 -0.0018604 0.0175476 1.0714513 -0.0461377 0.0139702 0.0174855 0.0264290 -0.1075384 0.0461425 0.0184948 0.0972294 -0.0276628 0.0173405 -0.0234525 -0.0221928 -0.0089608 -0.0179828 0.0185332 0.0035965 0.0323269 -0.0701127 0.0545459 -0.0540275 -0.0293113 -0.0100293 0.0135345 0.0371040 -0.0082551 -0.0142815 0.0140361 0.0014421 0.0392334 0.0566997 0.0821100 0.0673937 0.0671448 0.0216254 0.0491185 0.0517689
0.0717253 0.0580648 0.1299355 0.1923131 -0.0327324 -0.1074105 -0.0278082 0.4708675 -0.0818885 -0.0126634 -0.0750123 -0.0791022 -0.0689019 0.0008578 0.0061612 -0.0403892 -0.0808721 -0.0614981 -0.0605265 -0.1018010 0.0671374 0.3544530 0.2397090 -0.0752308 1.1512105 -0.0675380 -0.0612347 -0.0470459 -0.0412838 -0.0150766 -0.0440820 0.0342166 -0.0777430 -0.0661331 0.0494411 -0.0148335 -0.0436680 2.4117446 -0.0226179 0.0123105 -0.0180463 -0.0461377 0.6360074 0.0479355 -0.0209127 0.0939766 0.0586251 -0.0655126 -0.0084255 -0.0665093 0.5319438 -0.0107044 0.2349555 0.2178727 0.0137879 0.0752800 -0.0277188 0.0189439 -0.0456750 0.8744382 -0.0824667 0.2193273 0.6185313 0.5295202 0.0133712 -0.0711899 0.6304151 0.5429762 0.0393105 0.0377990 -0.0583438 -0.0787899 -0.1170133 -0.0959502 -0.0829483 1.0469091 -0.0758607 -0.0812090
-0.0562757 -0.0541119 -0.0796430 -0.0020629 0.0189536 0.0093588 0.0166989 0.0892339 0.0173031 0.0119449 0.0116740 0.0143565 0.0193527 0.0079376 -0.0243399 0.0076989 0.0111018 0.0067034 0.0205899 0.0255551 0.0017165 0.0146357 -0.0063115 0.0125243 0.0497844 0.0100250 0.0169755 0.0114475 0.0163005 0.0086348 0.0129954 0.0076240 0.0255854 0.0168401 0.0068152 0.0118962 0.0121481 0.0516695 0.0186771 0.0113189 0.0098874 0.0139702 0.0479355 0.9333550 0.0172429 0.0168035 -0.0551527 0.0148561 -0.0009490 0.0076999 -0.0001901 -0.0007444 0.0623197 0.0642173 0.0316263 0.0070618 0.0068012 0.0070784 0.0078998 0.0843854 0.0073975 0.0082713 -0.0017228 0.0073023 0.0095921 0.0086769 0.0091661 0.0021519 0.0047501 0.0045827 0.0086580 0.0154366 0.0096313 0.0173781 0.0214188 0.0088963 0.0119692 0.0160122
-0.0776764 -0.0676343 -0.0911306 -0.0061267 0.0178363 0.0404713 0.0252220 -0.0260548 0.0147987 0.0086401 0.0285341 0.0143917 0.0331826 0.0072500 -0.0252834 0.0195284 0.0251892 0.0249920 0.0167310 0.0281160 -0.0082651 0.0101289 -0.0093318 0.0104765 -0.0302198 0.0090244 0.0132140 0.0181863 0.0235570 0.0139821 0.0076029 0.0020305 0.0226709 0.0148671 0.0084172 0.0077442 0.0167776 -0.0227278 0.0207261 0.0101230 0.0196023 0.0174855 -0.0209127 0.0172429 1.2193547 0.0254389 -0.0681250 0.0193331 0.0196505 0.0110640 -0.0071444 0.0041360 0.0061324 0.0035790 0.0091139 -0.0019420 0.0206743 0.0050696 0.0137802 -0.0275815 0.0184196 -0.0169537 -0.0032001 -0.0017813 0.0131912 0.0183346 -0.0018138 0.0067887 0.0200164 0.0024955 0.0173295 0.0250692 0.0235851 0.0295076 0.0167569 0.0105490 0.0128735 0.0198493
-0.0948291 -0.0812229 -0.1219540 0.1256105 0.0297062 0.0149929 0.0245084 -0.0145635 0.0246024 0.0136032 0.0369153 0.0259072 0.0449423 0.0074607 -0.0360465 0.0256591 0.0334685 0.0285573 0.0264206 0.0460817 0.0016367 0.0198819 -0.0002510 0.0221467 0.0767643 0.0183950 0.0208513 0.0249410 0.0248259 0.0332538 0.0083953 0.0029608 0.0304794 0.0272013 0.0062398 0.0231752 0.0174079 0.0738868 0.0249400 0.0126693 0.0215569 0.0264290 0.0939766 0.0168035 0.0254389 0.9751586 -0.0798742 0.0224638 0.0222781 0.0268809 -0.0074182 0.0085466 0.1477950 -0.0049596 0.0036039 -0.0063644 0.0243704 0.0067659 0.0188850 0.0853801 0.0357327 -0.0112694 0.1030423 0.1366670 0.0304668 0.0314687 0.1340442 0.0134822 0.0336461 -0.0029645 0.0201337 0.0254416 0.0390995 0.0389372 0.0331788 0.0099843 0.0230665 0.0277345
0.8737584 1.3324171 1.0467149 0.0028625 -0.1193101 -0.0989329 -0.0793958 0.1189313 -0.1475113 -0.0718729 -0.1392900 -0.1317404 -0.1269885 -0.0580694 0.3951763 -0.0864196 -0.1333592 -0.1156773 -0.1180794 -0.1620008 0.0049354 -0.0757831 0.0385178 -0.1244397 0.0988033 -0.1157434 -0.1181700 -0.0998580 -0.0913042 -0.0728949 -0.0855323 -0.0298508 -0.1332465 -0.1222095 -0.0579467 -0.0589492 -0.0827459 0.0742052 -0.0860489 -0.0374093 -0.0727462 -0.1075384 0.0586251 -0.0551527 -0.0681250 -0.0798742 1.1928569 -0.1150403 -0.0621021 -0.1191559 0.0164791 -0.0499333 0.0036024 0.0096662 -0.0281352 -0.0018372 -0.0826704 -0.0409443 -0.0880885 0.0878293 -0.1370004 0.0579261 0.0078512 0.0108982 -0.0575796 -0.1175603 -0.0170035 -0.0043477 -0.0569284 -0.0234006 -0.1111387 -0.1404502 -0.2131896 -0.1622750 -0.1475111 -0.0588589 -0.1273569 -0.1342302
-0.1224031 -0.1149568 -0.1866377 -0.0237350 0.0465332 0.0472815 0.0296979 -0.0709056 0.0645620 0.0321890 0.0556455 0.0613732 0.0467682 0.0133567 -0.0399416 0.0301965 0.0498052 0.0467677 0.0501218 0.0684485 -0.0193152 0.0232626 -0.0541497 0.0509278 -0.0929772 0.0485945 0.0494356 0.0406110 0.0323546 0.0304816 0.0366342 -0.0027340 0.0575643 0.0513727 0.0171573 0.0211570 0.0442484 -0.0717231 0.0248956 -0.0057357 0.0164875 0.0461425 -0.0655126 0.0148561 0.0193331 0.0224638 -0.1150403 1.1128105 0.0161912 0.0454504 -0.0280093 0.0311345 -0.0243260 -0.0186457 -0.0000399 -0.0269394 0.0230434 0.0060438 0.0343206 -0.0790537 0.0524973 -0.0654484 -0.0351314 -0.0297374 0.0077885 0.0425261 -0.0064565 -0.0252614 0.0092125 -0.0023382 0.0517101 0.0708691 0.0853261 0.0697817 0.0654873 0.0219424 0.0567772 0.0650175
-0.0693305 -0.0649326 -0.0885537 -0.0021955 0.0184932 0.0041105 0.0195551 -0.0233497 0.0204684 0.0078769 0.0210553 0.0212844 0.0232888 0.0125910 -0.0253605 0.0202188 0.0188121 0.0240445 0.0192323 0.0171787 0.0024633 0.0152246 -0.0017828 0.0153300 -0.0220780 0.0196042 0.0205172 0.0148712 0.0172018 0.0101060 0.0147732 0.0122760 0.0164572 0.0217402 0.0138289 0.0088824 0.0091458 -0.0049323 0.0178402 0.0184187 0.0187293 0.0184948 -0.0084255 -0.0009490 0.0196505 0.0222781 -0.0621021 0.0161912 0.9400068 0.0152464 0.0021825 0.0106576 0.0034322 -0.0037485 0.0084243 0.0089333 0.0224011 0.0140988 0.0182192 -0.0154047 0.0211528 -0.0022406 0.0083322 -0.0018662 0.0209023 0.0204915 0.0091855 0.0092392 0.0074657 0.0024055 0.0093505 0.0136508 0.0230348 0.0269767 0.0205083 0.0071462 0.0136248 0.0142963
