0.8309427 -0.2025665 -0.2634174 -0.1800442 0.3417401 0.4977799 0.2349599 -0.1936086 -0.1090691 0.0237179 0.4326651 -0.1296966 -0.0948804 -0.1729870 -0.1003262 -0.1756555 -0.1599599 -0.1478438 -0.1608628 -0.1652978 -0.1795762 -0.1684097 -0.1926169 -0.1529816 -0.2236304 0.3723920 0.4453467 -0.1429500 0.4116677 -0.1910977 -0.1326893 0.3075689 0.2849338 -0.1526701 -0.1642893 -0.1752114 -0.1615975 -0.2034906 -0.1694831 -0.1726440 -0.1867652 -0.1563550 -0.1921094 -0.1771805 -0.1764815 0.2779385 -0.2024390 0.4010362 0.4377451 -0.1566048 -0.1767102 0.1721850 -0.1723804 0.2139020 -0.1696083 -0.1754044 -0.1717381 -0.1774251 -0.1680124 -0.2078453 -0.1670782 -0.2151163 0.2089094 -0.1916399 -0.1699668 -0.1782153 -0.1229206 -0.1883495 -0.1638128 -0.1794848 -0.1780014 -0.1368902 0.4773142 -0.2045290 0.5951195 -0.1709348 0.4408199 0.7498409
-0.2025665 0.8934096 -0.1089728 -0.0045813 -0.1760170 -0.2224193 -0.1417028 -0.0788598 0.0391687 -0.0200343 -0.2068195 0.0357794 0.0176344 0.0339486 -0.0964513 0.0511554 0.0650917 0.0428426 0.0698505 0.1034368 0.0215759 0.0385063 -0.0599539 0.0532522 -0.0888802 -0.1709238 -0.2121515 0.0389962 -0.2001809 0.0886302 0.0424392 -0.1817453 -0.1610261 0.0514646 0.0393299 0.0411031 0.0429540 -0.0764703 0.0564212 0.0059731 0.0791487 0.0391891 -0.0784068 0.0351204 0.0285817 -0.1576122 0.8784235 -0.1739262 -0.2084877 0.0603855 -0.0110277 -0.1324033 -0.0183918 -0.1755323 0.0241604 -0.0114784 0.0275233 0.0443091 0.0539197 -0.0926589 0.0566872 -0.0392336 -0.1747512 -0.0187233 0.0676286 0.1601857 0.0397143 0.0077157 0.0130324 0.0254189 0.0665512 0.0421236 -0.2075842 0.8410944 -0.2287214 0.0333274 -0.2108616 -0.2070571
-0.2634174 -0.1089728 0.5368126 0.1317356 -0.1653368 -0.2297650 -0.0903987 0.2199147 -0.0253279 -0.0215413 -0.2269232 -0.0230868 -0.0145126 0.0584988 0.2501422 0.0334699 -0.0190099 0.0038848 -0.0010009 -0.0256650 0.1138370 0.0404685 0.1969439 -0.0107373 0.2830071 -0.1773356 -0.2055469 0.0210188 -0.1699492 0.0398130 0.0100192 -0.0561783 -0.1711034 0.0035850 0.0594689 0.0676936 0.0284579 0.2403556 0.0366452 0.0959117 0.0492901 0.0150630 0.2241365 0.0692856 0.0864267 -0.1179402 -0.1093906 -0.2019447 -0.1437392 -0.0007690 0.1325190 -0.0961641 0.1289831 -0.0048047 0.0842125 0.1312877 0.0475772 0.0730415 0.0312434 0.2546158 -0.0056211 0.2243944 0.0018643 0.1490484 0.0645469 -0.0147318 0.0781885 0.1315770 0.0793319 0.1005346 0.0111163 -0.0174560 -0.2648015 -0.0992652 -0.2534669 0.0503096 -0.2281721 -0.2373874
-0.1800442 -0.0045813 0.1317356 0.5632636 -0.1209695 -0.1744732 -0.0836573 0.0838050 0.0286934 -0.0178180 -0.1686721 0.0313520 0.0276353 0.0531220 0.0612458 0.0515994 0.0321655 0.0373670 0.0382883 0.0330377 0.0622421 0.0474497 0.0826565 0.0415530 0.0982586 -0.1276912 -0.1604008 0.0405866 -0.1422220 0.0500115 0.0451151 -0.0845519 -0.1198890 0.0434335 0.0552651 0.0634124 0.0412814 0.0889267 0.0495789 0.0600273 0.0534905 0.0501670 0.0846225 0.0562759 0.0566567 -0.1069778 -0.0041622 -0.1443786 -0.1408392 0.0434661 0.0626965 -0.0791442 0.0624065 -0.0680207 0.0575220 0.0630442 0.0473321 0.0521171 0.0438190 0.0926283 0.0457977 0.0862143 -0.0615096 0.0685479 0.0538341 0.0345289 0.0329216 0.0701627 0.0574538 0.0612980 0.0521744 0.0296109 -0.1842677 -0.0014793 -0.1829071 0.0499971 -0.1645981 -0.1700116
0.3417401 -0.1760170 -0.1653368 -0.1209695 0.7175708 0.3125675 0.2434726 -0.1234849 -0.0664447 -0.0642796 0.3169342 -0.0818258 -0.0874729 -0.1195999 -0.0772526 -0.1262972 -0.1270077 -0.1090374 -0.1266184 -0.1251779 -0.1306154 -0.1245885 -0.1250300 -0.1147486 -0.1409370 0.2322410 0.2936538 -0.0999359 0.2641725 -0.1252828 -0.0982626 0.1437052 0.2648695 -0.1058474 -0.1209555 -0.1259765 -0.1090460 -0.1323678 -0.1049097 -0.1174554 -0.1288878 -0.1258162 -0.1236804 -0.1197388 -0.1282194 0.2169215 -0.1760678 0.2662186 0.2928543 -0.1121630 -0.1206178 0.2707357 -0.1162065 0.2174353 -0.1054134 -0.1191869 -0.0944574 -0.1227237 -0.1210503 -0.1294300 -0.1164001 -0.1291889 0.1384224 -0.1206377 -0.1220814 -0.1400916 -0.1063297 -0.1290244 -0.1230164 -0.1251049 -0.1061516 -0.1170353 0.3410721 -0.1747864 0.3899914 -0.1176923 0.2794102 0.3290769
0.4977799 -0.2224193 -0.2297650 -0.1744732 0.3125675 0.7450781 0.2231081 -0.1768798 -0.1373689 0.0101895 0.4923100 -0.1489015 -0.1103124 -0.1721667 -0.0790483 -0.1780039 -0.1648191 -0.1506324 -0.1621257 -0.1727328 -0.1748978 -0.1731811 -0.1807977 -0.1601649 -0.2020985 0.3023714 0.5373238 -0.1465669 0.4573342 -0.1883603 -0.1418865 0.2800677 0.3153745 -0.1630388 -0.1606212 -0.1797547 -0.1626278 -0.1889846 -0.1719347 -0.1722231 -0.1852183 -0.1614345 -0.1769223 -0.1721821 -0.1741153 0.3451105 -0.2219961 0.4486018 0.4482251 -0.1592574 -0.1715400 0.2234032 -0.1669459 0.2015950 -0.1682970 -0.1659279 -0.1728329 -0.1731351 -0.1666035 -0.1911320 -0.1720668 -0.2028020 0.1999801 -0.1851662 -0.1647498 -0.1885875 -0.1191165 -0.1830580 -0.1617360 -0.1716440 -0.1827703 -0.1489878 0.5315036 -0.2214064 0.5740156 -0.1611802 0.5253801 0.4713327
0.2349599 -0.1417028 -0.0903987 -0.0836573 0.2434726 0.2231081 0.6550074 -0.0707307 -0.0613367 -0.0052889 0.1496421 -0.0788327 -0.0328083 -0.0842401 -0.0353002 -0.0935695 -0.0923445 -0.0832868 -0.0938788 -0.1010439 -0.0849459 -0.0903230 -0.0732124 -0.0789219 -0.0812586 0.1707312 0.2115045 -0.0717577 0.1704810 -0.0881717 -0.0718033 0.1142781 0.1008241 -0.0842795 -0.0924366 -0.0926739 -0.0737405 -0.0777812 -0.0746301 -0.0752008 -0.0967817 -0.0776664 -0.0747869 -0.0863151 -0.0923198 0.2033329 -0.1417585 0.2674817 0.1979259 -0.0880421 -0.0804675 0.2338600 -0.0710116 0.1388909 -0.0812867 -0.0797752 -0.0649384 -0.0873006 -0.0898815 -0.0765756 -0.0839022 -0.0849509 0.0677754 -0.0760189 -0.0891306 -0.1098998 -0.0716610 -0.0887874 -0.0852345 -0.0865608 -0.0826289 -0.0796890 0.1581732 -0.1394952 0.2661454 -0.0871237 0.1671148 0.2293395
-0.1936086 -0.0788598 0.2199147 0.0838050 -0.1234849 -0.1768798 -0.0707307 0.5680028 0.0123530 -0.0138213 -0.1760001 0.0159781 0.0166301 0.0521450 0.1086457 0.0452304 0.0237342 0.0312787 0.0320338 0.0120820 0.0764160 0.0494125 0.1141195 0.0258237 0.1492816 -0.1313333 -0.1623933 0.0354037 -0.1415070 0.0439044 0.0318472 -0.0693405 -0.1258515 0.0285802 0.0541123 0.0543499 0.0414290 0.1338631 0.0453125 0.0728072 0.0466524 0.0367082 0.1234471 0.0560321 0.0625380 -0.0962023 -0.0788995 -0.1520569 -0.1327683 0.0268866 0.0857048 -0.0714246 0.0814783 -0.0366034 0.0627834 0.0796241 0.0518305 0.0630884 0.0469498 0.1385085 0.0292667 0.1257894 -0.0358159 0.0919855 0.0503921 0.0190953 0.0433090 0.0861079 0.0640338 0.0677236 0.0394756 0.0175429 -0.1967480 -0.0734508 -0.1930703 0.0524634 -0.1764476 -0.1798694
-0.1090691 0.0391687 -0.0253279 0.0286934 -0.0664447 -0.1373689 -0.0613367 0.0123530 0.6237052 -0.0007311 -0.1267754 0.0475256 0.0265490 0.0408116 -0.0208540 0.0530870 0.0504210 0.0439740 0.0463142 0.0458905 0.0290853 0.0484410 0.0175500 0.0453233 0.0077621 -0.0683763 -0.1298339 0.0561768 -0.1153842 0.0418047 0.0355849 -0.0864556 -0.0766300 0.0451909 0.0401178 0.0367926 0.0396528 0.0131683 0.0304131 0.0288543 0.0374256 0.0503832 0.0151571 0.0359658 0.0372181 -0.0811519 0.0388616 -0.1035994 -0.1098544 0.0400735 0.0252436 -0.0542642 0.0192055 -0.0711286 0.0335885 0.0277165 0.0325853 0.0350313 0.0418867 0.0142566 0.0471077 0.0183415 -0.0820559 0.0271185 0.0257034 0.0374516 0.0248644 0.0284582 0.0368960 0.0300412 0.0400920 0.0466522 -0.1319848 0.0362779 -0.1229517 0.0361109 -0.1275289 -0.1047897
0.0237179 -0.0200343 -0.0215413 -0.0178180 -0.0642796 0.0101895 -0.0052889 -0.0138213 -0.0007311 0.6159808 0.0153601 -0.0279075 -0.0178566 -0.0144216 -0.0069694 -0.0184521 -0.0180992 -0.0117907 -0.0022223 -0.0195217 -0.0026418 -0.0116062 -0.0189800 -0.0018828 -0.0090056 -0.0005397 0.0171281 -0.0048211 0.0196514 -0.0111752 -0.0225327 0.0231171 0.0395583 -0.0118203 -0.0157290 -0.0166423 -0.0102468 -0.0125486 -0.0209337 -0.0159470 -0.0150367 -0.0190065 -0.0112575 -0.0115931 -0.0100028 0.0372547 -0.0199763 0.0351790 0.0092169 -0.0163930 -0.0159740 0.0131720 -0.0152302 -0.0190166 -0.0171443 -0.0051532 -0.0168399 -0.0063853 -0.0189435 -0.0088130 -0.0156272 -0.0126382 0.0124223 -0.0118875 -0.0245215 0.0028879 0.0364218 -0.0159666 -0.0157194 -0.0112120 -0.0169357 -0.0088943 0.0175934 -0.0185770 0.0083469 -0.0194318 0.0170447 0.0229540
0.4326651 -0.2068195 -0.2269232 -0.1686721 0.3169342 0.4923100 0.1496421 -0.1760001 -0.1267754 0.0153601 0.7484034 -0.1322282 -0.1172570 -0.1657629 -0.0968114 -0.1696188 -0.1523960 -0.1460008 -0.1501794 -0.1638698 -0.1664340 -0.1620233 -0.1744447 -0.1470850 -0.2005527 0.3912408 0.4749961 -0.1428469 0.4100080 -0.1792383 -0.1346737 0.2579973 0.3801425 -0.1549243 -0.1536617 -0.1718155 -0.1569598 -0.1848640 -0.1631670 -0.1663501 -0.1788452 -0.1506286 -0.1699973 -0.1664874 -0.1677265 0.2304413 -0.2069277 0.3502211 0.4079084 -0.1444080 -0.1653593 0.1596309 -0.1616160 0.2009501 -0.1571806 -0.1615652 -0.1633517 -0.1710020 -0.1630115 -0.1902368 -0.1606730 -0.1983785 0.2295659 -0.1768430 -0.1594793 -0.1743090 -0.1121133 -0.1765696 -0.1528305 -0.1680369 -0.1685306 -0.1373028 0.7265403 -0.2067509 0.4821683 -0.1538796 0.4993087 0.4111264
-0.1296966 0.0357794 -0.0230868 0.0313520 -0.0818258 -0.1489015 -0.0788327 0.0159781 0.0475256 -0.0279075 -0.1322282 0.6322775 0.0505743 0.0427335 -0.0185487 0.0530792 0.0509556 0.0600571 0.0464399 0.0619484 0.0274253 0.0468923 0.0216292 0.0555546 0.0117853 -0.1054284 -0.1355177 0.0480316 -0.1199658 0.0404635 0.0509129 -0.0934997 -0.0926106 0.0556915 0.0376582 0.0490029 0.0578963 0.0165634 0.0582817 0.0404871 0.0497612 0.0516827 0.0194487 0.0408569 0.0338966 -0.1034912 0.0362910 -0.1243243 -0.1341901 0.0565552 0.0278858 -0.0641641 0.0311747 -0.0872422 0.0470741 0.0273735 0.0539736 0.0333376 0.0539351 0.0200576 0.0685485 0.0166662 -0.0846984 0.0334684 0.0349673 0.0468731 -0.0033167 0.0329423 0.0462823 0.0373168 0.0690893 0.0579380 -0.1397417 0.0329590 -0.1459658 0.0472051 -0.1347930 -0.1287406
-0.0948804 0.0176344 -0.0145126 0.0276353 -0.0874729 -0.1103124 -0.0328083 0.0166301 0.0265490 -0.0178566 -0.1172570 0.0505743 0.6336204 0.0287491 -0.0111500 0.0406303 0.0466975 0.0502932 0.0375183 0.0384968 0.0233490 0.0449832 0.0198208 0.0481172 0.0099716 -0.0918015 -0.0999266 0.0307148 -0.1078030 0.0317715 0.0256866 -0.0842536 -0.1019175 0.0335063 0.0271707 0.0376116 0.0334750 0.0138736 0.0417936 0.0348276 0.0409467 0.0598806 0.0160840 0.0359894 0.0289755 -0.0776621 0.0183744 -0.0702785 -0.0913746 0.0351287 0.0268541 -0.0620675 0.0293971 -0.0730148 0.0388317 0.0210291 0.0439903 0.0265214 0.0314057 0.0159328 0.0428560 0.0140058 -0.0813872 0.0260418 0.0363875 0.0292850 0.0102214 0.0304010 0.0304258 0.0320547 0.0416460 0.0467018 -0.1251492 0.0178902 -0.1183635 0.0421252 -0.0986876 -0.0945602
-0.1729870 0.0339486 0.0584988 0.0531220 -0.1195999 -0.1721667 -0.0842401 0.0521450 0.0408116 -0.0144216 -0.1657629 0.0427335 0.0287491 0.6009927 0.0227003 0.0551435 0.0563820 0.0388746 0.0561275 0.0446042 0.0531148 0.0586630 0.0577509 0.0545256 0.0620763 -0.1224317 -0.1594935 0.0433303 -0.1435842 0.0544218 0.0448559 -0.0925608 -0.1087768 0.0528275 0.0546568 0.0532304 0.0424984 0.0605951 0.0467407 0.0487398 0.0536654 0.0473532 0.0559893 0.0594889 0.0534096 -0.1049846 0.0335054 -0.1421726 -0.1427326 0.0529002 0.0537136 -0.0760598 0.0484934 -0.0793447 0.0528542 0.0546932 0.0480540 0.0503187 0.0554553 0.0568514 0.0429509 0.0596151 -0.0795914 0.0570698 0.0491379 0.0487681 0.0289500 0.0579093 0.0475208 0.0513660 0.0522792 0.0467043 -0.1770132 0.0346981 -0.1822741 0.0512966 -0.1665318 -0.1642212
-0.1003262 -0.0964513 0.2501422 0.0612458 -0.0772526 -0.0790483 -0.0353002 0.1086457 -0.0208540 -0.0069694 -0.0968114 -0.0185487 -0.0111500 0.0227003 0.5163584 0.0076272 -0.0201496 -0.0085420 -0.0089550 -0.0253102 0.0473057 0.0153656 0.0919087 -0.0153759 0.1374461 -0.0851434 -0.0736259 0.0045825 -0.0615543 0.0033139 -0.0001654 -0.0147668 -0.0700567 -0.0037838 0.0169051 0.0263065 -0.0007354 0.1194292 0.0116628 0.0411341 0.0125925 -0.0023188 0.1082831 0.0310428 0.0330794 -0.0465821 -0.0965821 -0.0780450 -0.0541385 -0.0055274 0.0585635 -0.0324023 0.0548190 0.0027626 0.0345614 0.0583247 0.0136999 0.0241521 0.0050109 0.1225637 -0.0167334 0.1033867 0.0063259 0.0642655 0.0200609 -0.0234011 0.0249021 0.0599509 0.0311088 0.0383060 -0.0047976 -0.0106394 -0.1123029 -0.0905180 -0.1022585 0.0134595 -0.0928012 -0.0895597
-0.1756555 0.0511554 0.0334699 0.0515994 -0.1262972 -0.1780039 -0.0935695 0.0452304 0.0530870 -0.0184521 -0.1696188 0.0530792 0.0406303 0.0551435 0.0076272 0.6001552 0.0595130 0.0597517 0.0499868 0.0507214 0.0520214 0.0552224 0.0491619 0.0595954 0.0487788 -0.1283595 -0.1643595 0.0504612 -0.1521051 0.0595038 0.0455210 -0.1035445 -0.1160720 0.0559274 0.0532342 0.0674548 0.0493314 0.0459085 0.0559013 0.0497054 0.0491865 0.0511706 0.0442912 0.0522154 0.0585247 -0.1029765 0.0511728 -0.1458455 -0.1528363 0.0526192 0.0554002 -0.0826229 0.0531272 -0.0898767 0.0500734 0.0529409 0.0610962 0.0513061 0.0593304 0.0498073 0.0582516 0.0485911 -0.0920261 0.0574679 0.0520515 0.0578473 0.0214840 0.0572341 0.0494812 0.0494720 0.0546689 0.0592091 -0.1788937 0.0529219 -0.1876615 0.0576623 -0.1689562 -0.1702624
-0.1599599 0.0650917 -0.0190099 0.0321655 -0.1270077 -0.1648191 -0.0923445 0.0237342 0.0504210 -0.0180992 -0.1523960 0.0509556 0.0466975 0.0563820 -0.0201496 0.0595130 0.6499363 0.0474236 0.0571664 0.0823670 0.0407518 0.0520655 0.0316435 0.0612380 0.0183111 -0.1173530 -0.1592794 0.0551428 -0.1441998 0.0497713 0.0555236 -0.1115717 -0.1065202 0.0627830 0.0461585 0.0560490 0.0616074 0.0270871 0.0471885 0.0478027 0.0483935 0.0746146 0.0228372 0.0469548 0.0466433 -0.1077585 0.0652594 -0.1342116 -0.1452450 0.0741152 0.0370547 -0.0924739 0.0310700 -0.0973709 0.0407381 0.0374009 0.0453542 0.0525683 0.0703700 0.0211860 0.0614068 0.0296838 -0.0970543 0.0393553 0.0526099 0.0496657 0.0130483 0.0506523 0.0480888 0.0399967 0.0637992 0.0652111 -0.1589185 0.0628007 -0.1664765 0.0464131 -0.1525895 -0.1554458
-0.1478438 0.0428426 0.0038848 0.0373670 -0.1090374 -0.1506324 -0.0832868 0.0312787 0.0439740 -0.0117907 -0.1460008 0.0600571 0.0502932 0.0388746 -0.0085420 0.0597517 0.0474236 0.6130502 0.0574550 0.0488780 0.0390258 0.0495502 0.0334444 0.0495819 0.0299884 -0.1079140 -0.1413053 0.0500031 -0.1266419 0.0420175 0.0499901 -0.0932754 -0.0941052 0.0497971 0.0384215 0.0584440 0.0437165 0.0310948 0.0420266 0.0387970 0.0503981 0.0545803 0.0251394 0.0419945 0.0437609 -0.0959542 0.0425870 -0.1245753 -0.1352073 0.0539430 0.0372161 -0.0768828 0.0406768 -0.0884386 0.0448415 0.0340385 0.0519757 0.0424514 0.0538505 0.0307632 0.0570131 0.0335509 -0.0768023 0.0345622 0.0436939 0.0554709 0.0188157 0.0462033 0.0473369 0.0391558 0.0543263 0.0490672 -0.1533185 0.0416584 -0.1590581 0.0520908 -0.1413329 -0.1447542
-0.1608628 0.0698505 -0.0010009 0.0382883 -0.1266184 -0.1621257 -0.0938788 0.0320338 0.0463142 -0.0022223 -0.1501794 0.0464399 0.0375183 0.0561275 -0.0089550 0.0499868 0.0571664 0.0574550 0.6395212 0.0657497 0.0493307 0.0453873 0.0312858 0.0545239 0.0324446 -0.1169568 -0.1560902 0.0401615 -0.1407550 0.0555525 0.0444030 -0.1023868 -0.0996390 0.0536612 0.0469449 0.0418156 0.0498153 0.0275096 0.0487619 0.0424789 0.0593150 0.0523217 0.0280532 0.0471692 0.0434861 -0.1136245 0.0698172 -0.1414743 -0.1427218 0.0576508 0.0371755 -0.0761248 0.0298079 -0.0894286 0.0357346 0.0348021 0.0483438 0.0520009 0.0497842 0.0269242 0.0639745 0.0387427 -0.0899277 0.0374564 0.0461661 0.0795717 0.0276854 0.0397598 0.0487373 0.0438125 0.0571627 0.0559332 -0.1557880 0.0674012 -0.1675831 0.0494152 -0.1533429 -0.1560776
-0.1652978 0.1034368 -0.0256650 0.0330377 -0.1251779 -0.1727328 -0.1010439 0.0120820 0.0458905 -0.0195217 -0.1638698 0.0619484 0.0384968 0.0446042 -0.0253102 0.0507214 0.0823670 0.0488780 0.0657497 0.6750237 0.0349874 0.0466682 0.0238363 0.0508726 0.0164999 -0.1237743 -0.1648615 0.0507223 -0.1530353 0.0966537 0.0483418 -0.1144458 -0.1114403 0.0563267 0.0522059 0.0565502 0.0495422 0.0113971 0.0613517 0.0390800 0.0874308 0.0547252 0.0150409 0.0352384 0.0485544 -0.1137200 0.1033230 -0.1397780 -0.1598057 0.0548103 0.0289877 -0.0910969 0.0322545 -0.1063193 0.0443894 0.0259694 0.0413064 0.0490169 0.0612689 0.0091785 0.0697020 0.0308322 -0.1026928 0.0406038 0.0454816 0.1075804 0.0405960 0.0353894 0.0433623 0.0389121 0.0624697 0.0683689 -0.1678291 0.0990913 -0.1804424 0.0489761 -0.1628118 -0.1638779
-0.1795762 0.0215759 0.1138370 0.0622421 -0.1306154 -0.1748978 -0.0849459 0.0764160 0.0290853 -0.0026418 -0.1664340 0.0274253 0.0233490 0.0531148 0.0473057 0.0520214 0.0407518 0.0390258 0.0493307 0.0349874 0.5977536 0.0524338 0.0747473 0.0363473 0.0939264 -0.1306328 -0.1636184 0.0372196 -0.1477252 0.0555293 0.0391871 -0.0856818 -0.1188892 0.0398389 0.0462913 0.0513502 0.0457685 0.0852335 0.0469413 0.0567313 0.0454918 0.0405264 0.0755316 0.0484331 0.0548335 -0.1075515 0.0212738 -0.1548955 -0.1386540 0.0347552 0.0640802 -0.0855927 0.0608582 -0.0682859 0.0558205 0.0602142 0.0469601 0.0551216 0.0395895 0.0860675 0.0386677 0.0830545 -0.0681145 0.0668680 0.0511526 0.0623521 0.0473116 0.0633403 0.0503073 0.0563549 0.0477662 0.0327698 -0.1816771 0.0231722 -0.1827063 0.0455524 -0.1695974 -0.1703424
-0.1684097 0.0385063 0.0404685 0.0474497 -0.1245885 -0.1731811 -0.0903230 0.0494125 0.0484410 -0.0116062 -0.1620233 0.0468923 0.0449832 0.0586630 0.0153656 0.0552224 0.0520655 0.0495502 0.0453873 0.0466682 0.0524338 0.5963631 0.0526454 0.0494271 0.0508664 -0.1252507 -0.1636080 0.0440131 -0.1465777 0.0503672 0.0467907 -0.0996031 -0.1119762 0.0697063 0.0519752 0.0554351 0.0536376 0.0495223 0.0535101 0.0531578 0.0567575 0.0578447 0.0467281 0.0598703 0.0550446 -0.1010505 0.0389478 -0.1442949 -0.1427094 0.0503155 0.0464860 -0.0820801 0.0508043 -0.0855546 0.0547905 0.0545190 0.0512616 0.0556360 0.0596693 0.0512114 0.0547304 0.0496077 -0.0860378 0.0509786 0.0453809 0.0530160 0.0273751 0.0554545 0.0488238 0.0521490 0.0587143 0.0577596 -0.1732250 0.0382573 -0.1815785 0.0522194 -0.1685829 -0.1623398
-0.1926169 -0.0599539 0.1969439 0.0826565 -0.1250300 -0.1807977 -0.0732124 0.1141195 0.0175500 -0.0189800 -0.1744447 0.0216292 0.0198208 0.0577509 0.0919087 0.0491619 0.0316435 0.0334444 0.0312858 0.0238363 0.0747473 0.0526454 0.5558848 0.0337486 0.1379754 -0.1312206 -0.1639402 0.0369314 -0.1435255 0.0459591 0.0288242 -0.0760689 -0.1291652 0.0316290 0.0517600 0.0609536 0.0452080 0.1223380 0.0435855 0.0699138 0.0479024 0.0416113 0.1132108 0.0597404 0.0700589 -0.1018905 -0.0598827 -0.1515666 -0.1379583 0.0333378 0.0793945 -0.0779631 0.0792012 -0.0447717 0.0618831 0.0764159 0.0500764 0.0558199 0.0465593 0.1265176 0.0355176 0.1178706 -0.0441407 0.0884254 0.0573454 0.0227574 0.0432363 0.0805579 0.0616216 0.0683116 0.0445514 0.0268932 -0.1948176 -0.0556766 -0.1938189 0.0521960 -0.1739901 -0.1806664
-0.1529816 0.0532522 -0.0107373 0.0415530 -0.1147486 -0.1601649 -0.0789219 0.0258237 0.0453233 -0.0018828 -0.1470850 0.0555546 0.0481172 0.0545256 -0.0153759 0.0595954 0.0612380 0.0495819 0.0545239 0.0508726 0.0363473 0.0494271 0.0337486 0.6214875 0.0190102 -0.1119080 -0.1437534 0.0430724 -0.1362595 0.0558645 0.0432993 -0.0958032 -0.0985003 0.0508361 0.0474640 0.0532953 0.0487854 0.0235802 0.0517725 0.0462109 0.0487957 0.0536065 0.0279130 0.0508508 0.0400370 -0.1015650 0.0533518 -0.1315043 -0.1389331 0.0586085 0.0348640 -0.0733617 0.0400789 -0.0907500 0.0441394 0.0318809 0.0518111 0.0443249 0.0574427 0.0288483 0.0615711 0.0259931 -0.0890970 0.0359395 0.0397525 0.0513158 0.0163647 0.0391975 0.0464994 0.0418444 0.0635707 0.0555442 -0.1536961 0.0527930 -0.1657166 0.0543079 -0.1465511 -0.1451011
-0.2236304 -0.0888802 0.2830071 0.0982586 -0.1409370 -0.2020985 -0.0812586 0.1492816 0.0077621 -0.0090056 -0.2005527 0.0117853 0.0099716 0.0620763 0.1374461 0.0487788 0.0183111 0.0299884 0.0324446 0.0164999 0.0939264 0.0508664 0.1379754 0.0190102 0.5600711 -0.1504572 -0.1833774 0.0319469 -0.1593550 0.0509326 0.0329171 -0.0731020 -0.1430241 0.0243245 0.0564340 0.0652086 0.0446612 0.1610723 0.0495438 0.0814720 0.0601669 0.0326851 0.1492585 0.0664036 0.0738863 -0.1119810 -0.0890302 -0.1742964 -0.1448040 0.0275217 0.0994217 -0.0782133 0.0985580 -0.0361871 0.0661262 0.0986852 0.0548218 0.0675314 0.0442894 0.1700190 0.0257524 0.1605932 -0.0328036 0.1105185 0.0574797 0.0356712 0.0714074 0.0987805 0.0716972 0.0861211 0.0370999 0.0157583 -0.2245451 -0.0811764 -0.2194533 0.0514909 -0.1993963 -0.2054835
0.3723920 -0.1709238 -0.1773356 -0.1276912 0.2322410 0.3023714 0.1707312 -0.1313333 -0.0683763 -0.0005397 0.3912408 -0.1054284 -0.0918015 -0.1224317 -0.0851434 -0.1283595 -0.1173530 -0.1079140 -0.1169568 -0.1237743 -0.1306328 -0.1252507 -0.1312206 -0.1119080 -0.1504572 0.7173861 0.2922736 -0.1059642 0.2772100 -0.1291462 -0.0922430 0.1848010 0.3251582 -0.1069949 -0.1186606 -0.1279958 -0.1137974 -0.1387050 -0.1218116 -0.1226073 -0.1281831 -0.1175054 -0.1272352 -0.1244911 -0.1284452 0.1373773 -0.1708960 0.2434380 0.2749692 -0.1164535 -0.1256865 0.1494540 -0.1198943 0.2046684 -0.1239974 -0.1190331 -0.1259297 -0.1243381 -0.1368053 -0.1413896 -0.1131311 -0.1509485 0.1947793 -0.1339214 -0.1167882 -0.1381195 -0.0833762 -0.1338646 -0.1215739 -0.1248132 -0.1298632 -0.1002988 0.4190463 -0.1688584 0.3638547 -0.1227331 0.3623540 0.3554928
0.4453467 -0.2121515 -0.2055469 -0.1604008 0.2936538 0.5373238 0.2115045 -0.1623933 -0.1298339 0.0171281 0.4749961 -0.1355177 -0.0999266 -0.1594935 -0.0736259 -0.1643595 -0.1592794 -0.1413053 -0.1560902 -0.1648615 -0.1636184 -0.1636080 -0.1639402 -0.1437534 -0.1833774 0.2922736 0.6926521 -0.1345738 0.4524074 -0.1723754 -0.1325650 0.2338075 0.2711923 -0.1494345 -0.1471004 -0.1653052 -0.1482847 -0.1709811 -0.1626689 -0.1574453 -0.1743862 -0.1473904 -0.1599962 -0.1574469 -0.1576986 0.2796287 -0.2121480 0.4312934 0.4283857 -0.1489717 -0.1554171 0.1605279 -0.1508735 0.1869746 -0.1547464 -0.1538507 -0.1535127 -0.1634117 -0.1557357 -0.1712159 -0.1627377 -0.1839948 0.1965249 -0.1669741 -0.1541214 -0.1794094 -0.1086813 -0.1665823 -0.1488361 -0.1593571 -0.1712821 -0.1391926 0.5125815 -0.2092096 0.5174742 -0.1506087 0.4861557 0.4258004
-0.1429500 0.0389962 0.0210188 0.0405866 -0.0999359 -0.1465669 -0.0717577 0.0354037 0.0561768 -0.0048211 -0.1428469 0.0480316 0.0307148 0.0433303 0.0045825 0.0504612 0.0551428 0.0500031 0.0401615 0.0507223 0.0372196 0.0440131 0.0369314 0.0430724 0.0319469 -0.1059642 -0.1345738 0.5953755 -0.1232433 0.0401822 0.0434340 -0.0875983 -0.0903571 0.0445024 0.0412449 0.0462093 0.0473373 0.0341722 0.0461056 0.0361376 0.0432656 0.0499367 0.0308679 0.0446537 0.0486531 -0.0893112 0.0390629 -0.1191895 -0.1283929 0.0421671 0.0405629 -0.0643474 0.0420467 -0.0779936 0.0360398 0.0391927 0.0404187 0.0352136 0.0566006 0.0365215 0.0590542 0.0318647 -0.0801964 0.0363028 0.0379684 0.0359501 0.0281161 0.0425084 0.0401502 0.0456155 0.0505931 0.0494747 -0.1520898 0.0368578 -0.1546281 0.0391409 -0.1408538 -0.1379063
0.4116677 -0.2001809 -0.1699492 -0.1422220 0.2641725 0.4573342 0.1704810 -0.1415070 -0.1153842 0.0196514 0.4100080 -0.1199658 -0.1078030 -0.1435842 -0.0615543 -0.1521051 -0.1441998 -0.1266419 -0.1407550 -0.1530353 -0.1477252 -0.1465777 -0.1435255 -0.1362595 -0.1593550 0.2772100 0.4524074 -0.1232433 0.6350371 -0.1575454 -0.1241000 0.2262191 0.2488555 -0.1328857 -0.1336148 -0.1495190 -0.1376701 -0.1474230 -0.1472203 -0.1414120 -0.1580731 -0.1379321 -0.1419592 -0.1447754 -0.1413738 0.2619051 -0.2002975 0.3876470 0.3660572 -0.1400633 -0.1350866 0.1595609 -0.1309578 0.1706737 -0.1357367 -0.1395929 -0.1406899 -0.1450748 -0.1422967 -0.1485493 -0.1453910 -0.1578820 0.1825101 -0.1474406 -0.1358011 -0.1644122 -0.0957379 -0.1482993 -0.1344973 -0.1456769 -0.1569595 -0.1276468 0.4398664 -0.1980255 0.4784479 -0.1372593 0.4233726 0.3927225
-0.1910977 0.0886302 0.0398130 0.0500115 -0.1252828 -0.1883603 -0.0881717 0.0439044 0.0418047 -0.0111752 -0.1792383 0.0404635 0.0317715 0.0544218 0.0033139 0.0595038 0.0497713 0.0420175 0.0555525 0.0966537 0.0555293 0.0503672 0.0459591 0.0558645 0.0509326 -0.1291462 -0.1723754 0.0401822 -0.1575454 0.6209238 0.0457138 -0.1174497 -0.1344848 0.0529245 0.0538035 0.0538305 0.0624051 0.0441214 0.0539728 0.0463488 0.0843916 0.0474837 0.0391852 0.0535005 0.0556424 -0.1151307 0.0885664 -0.1547311 -0.1600955 0.0587883 0.0497559 -0.0903813 0.0459035 -0.0882588 0.0481608 0.0393443 0.0455720 0.0596666 0.0510187 0.0453811 0.0662620 0.0567194 -0.0918397 0.0548405 0.0452353 0.0972663 0.0510416 0.0577080 0.0466599 0.0447916 0.0508521 0.0433464 -0.1922235 0.0893957 -0.1969456 0.0551010 -0.1811003 -0.1839297
-0.1326893 0.0424392 0.0100192 0.0451151 -0.0982626 -0.1418865 -0.0718033 0.0318472 0.0355849 -0.0225327 -0.1346737 0.0509129 0.0256866 0.0448559 -0.0001654 0.0455210 0.0555236 0.0499901 0.0444030 0.0483418 0.0391871 0.0467907 0.0288242 0.0432993 0.0329171 -0.0922430 -0.1325650 0.0434340 -0.1241000 0.0457138 0.6182746 -0.0885617 -0.0920051 0.0471668 0.0378102 0.0458260 0.0485260 0.0280533 0.0419493 0.0441087 0.0432907 0.0409997 0.0275034 0.0414828 0.0392253 -0.0923783 0.0421748 -0.1205101 -0.1281787 0.0360807 0.0406412 -0.0717235 0.0331792 -0.0777112 0.0351860 0.0331624 0.0409003 0.0515676 0.0363618 0.0324348 0.0485857 0.0360617 -0.0764565 0.0424413 0.0371939 0.0530004 0.0167399 0.0373313 0.0375843 0.0390630 0.0460428 0.0416080 -0.1441819 0.0409843 -0.1508289 0.0495916 -0.1412659 -0.1269911
0.3075689 -0.1817453 -0.0561783 -0.0845519 0.1437052 0.2800677 0.1142781 -0.0693405 -0.0864556 0.0231171 0.2579973 -0.0934997 -0.0842536 -0.0925608 -0.0147668 -0.1035445 -0.1115717 -0.0932754 -0.1023868 -0.1144458 -0.0856818 -0.0996031 -0.0760689 -0.0958032 -0.0731020 0.1848010 0.2338075 -0.0875983 0.2262191 -0.1174497 -0.0885617 0.5776393 0.2037753 -0.1022609 -0.0956652 -0.1001611 -0.0989412 -0.0718046 -0.1018749 -0.0874450 -0.1079477 -0.0962687 -0.0639127 -0.0982517 -0.0908495 0.1585486 -0.1814886 0.1982394 0.2314578 -0.1042562 -0.0771652 0.1239717 -0.0803622 0.1531571 -0.0892588 -0.0794628 -0.0968372 -0.0943411 -0.1019003 -0.0701372 -0.1085393 -0.0847335 0.1493500 -0.0863807 -0.0962967 -0.1291987 -0.0576182 -0.0908182 -0.0819829 -0.0866770 -0.1128671 -0.0877571 0.2735333 -0.1768010 0.2827771 -0.0956300 0.2551924 0.2986914
0.2849338 -0.1610261 -0.1711034 -0.1198890 0.2648695 0.3153745 0.1008241 -0.1258515 -0.0766300 0.0395583 0.3801425 -0.0926106 -0.1019175 -0.1087768 -0.0700567 -0.1160720 -0.1065202 -0.0941052 -0.0996390 -0.1114403 -0.1188892 -0.1119762 -0.1291652 -0.0985003 -0.1430241 0.3251582 0.2711923 -0.0903571 0.2488555 -0.1344848 -0.0920051 0.2037753 0.7173704 -0.1123938 -0.1140277 -0.1208584 -0.1185686 -0.1313051 -0.1177349 -0.1221291 -0.1254659 -0.1121262 -0.1232891 -0.1125937 -0.1162958 0.1730551 -0.1610137 0.1930445 0.2759358 -0.1115669 -0.1212507 0.1402361 -0.1115137 0.1361519 -0.1139050 -0.1139943 -0.1185578 -0.1202652 -0.1106930 -0.1347857 -0.1133197 -0.1341220 0.1758883 -0.1227266 -0.1168572 -0.1288204 -0.0737386 -0.1253705 -0.1139259 -0.1150561 -0.1189158 -0.0857133 0.4119512 -0.1594855 0.3420416 -0.1084322 0.3596362 0.2754210
-0.1526701 0.0514646 0.0035850 0.0434335 -0.1058474 -0.1630388 -0.0842795 0.0285802 0.0451909 -0.0118203 -0.1549243 0.0556915 0.0335063 0.0528275 -0.0037838 0.0559274 0.0627830 0.0497971 0.0536612 0.0563267 0.0398389 0.0697063 0.0316290 0.0508361 0.0243245 -0.1069949 -0.1494345 0.0445024 -0.1328857 0.0529245 0.0471668 -0.1022609 -0.1123938 0.6199253 0.0501564 0.0514176 0.0470691 0.0304322 0.0497514 0.0436504 0.0551979 0.0537491 0.0279517 0.0538607 0.0514381 -0.0961856 0.0514071 -0.1272990 -0.1470242 0.0519086 0.0369514 -0.0789565 0.0363258 -0.0931694 0.0477713 0.0430143 0.0460535 0.0482497 0.0529594 0.0314383 0.0577664 0.0331896 -0.0870081 0.0382304 0.0453532 0.0577459 0.0184171 0.0377012 0.0396567 0.0486151 0.0567895 0.0521139 -0.1636409 0.0493690 -0.1616104 0.0532925 -0.1506407 -0.1482388
-0.1642893 0.0393299 0.0594689 0.0552651 -0.1209555 -0.1606212 -0.0924366 0.0541123 0.0401178 -0.0157290 -0.1536617 0.0376582 0.0271707 0.0546568 0.0169051 0.0532342 0.0461585 0.0384215 0.0469449 0.0522059 0.0462913 0.0519752 0.0517600 0.0474640 0.0564340 -0.1186606 -0.1471004 0.0412449 -0.1336148 0.0538035 0.0378102 -0.0956652 -0.1140277 0.0501564 0.6006618 0.0496871 0.0461587 0.0590256 0.0487775 0.0488442 0.0514549 0.0509573 0.0488129 0.0524850 0.0528100 -0.1016514 0.0396074 -0.1421343 -0.1386553 0.0450084 0.0555810 -0.0846206 0.0527654 -0.0748412 0.0507691 0.0496045 0.0459232 0.0458715 0.0494719 0.0558449 0.0560630 0.0490611 -0.0761263 0.0518389 0.0456927 0.0407135 0.0165782 0.0508328 0.0472201 0.0458625 0.0540171 0.0407618 -0.1642333 0.0407182 -0.1692823 0.0513319 -0.1599895 -0.1534894
-0.1752114 0.0411031 0.0676936 0.0634124 -0.1259765 -0.1797547 -0.0926739 0.0543499 0.0367926 -0.0166423 -0.1718155 0.0490029 0.0376116 0.0532304 0.0263065 0.0674548 0.0560490 0.0584440 0.0418156 0.0565502 0.0513502 0.0554351 0.0609536 0.0532953 0.0652086 -0.1279958 -0.1653052 0.0462093 -0.1495190 0.0538305 0.0458260 -0.1001611 -0.1208584 0.0514176 0.0496871 0.5890056 0.0500057 0.0610869 0.0471452 0.0549729 0.0539218 0.0570609 0.0605086 0.0547795 0.0590747 -0.1070686 0.0408606 -0.1477400 -0.1496098 0.0516384 0.0612692 -0.0838068 0.0511035 -0.0857127 0.0518388 0.0561478 0.0523774 0.0527784 0.0516134 0.0639930 0.0595371 0.0592478 -0.0810016 0.0586610 0.0566227 0.0512112 0.0255400 0.0589815 0.0502481 0.0538300 0.0532489 0.0403894 -0.1839734 0.0406596 -0.1887298 0.0562011 -0.1750287 -0.1670803
-0.1615975 0.0429540 0.0284579 0.0412814 -0.1090460 -0.1626278 -0.0737405 0.0414290 0.0396528 -0.0102468 -0.1569598 0.0578963 0.0334750 0.0424984 -0.0007354 0.0493314 0.0616074 0.0437165 0.0498153 0.0495422 0.0457685 0.0536376 0.0452080 0.0487854 0.0446612 -0.1137974 -0.1482847 0.0473373 -0.1376701 0.0624051 0.0485260 -0.0989412 -0.1185686 0.0470691 0.0461587 0.0500057 0.6138626 0.0429704 0.0461143 0.0475018 0.0560896 0.0517984 0.0434830 0.0467445 0.0473218 -0.1086483 0.0431272 -0.1290363 -0.1393117 0.0485619 0.0417747 -0.0792277 0.0471806 -0.0776606 0.0451399 0.0452729 0.0416352 0.0662928 0.0522219 0.0428133 0.0648798 0.0443107 -0.0907364 0.0470689 0.0510942 0.0419903 0.0202229 0.0477251 0.0442776 0.0450136 0.0532565 0.0638522 -0.1674881 0.0417170 -0.1682766 0.0526141 -0.1554724 -0.1565483
-0.2034906 -0.0764703 0.2403556 0.0889267 -0.1323678 -0.1889846 -0.0777812 0.1338631 0.0131683 -0.0125486 -0.1848640 0.0165634 0.0138736 0.0605951 0.1194292 0.0459085 0.0270871 0.0310948 0.0275096 0.0113971 0.0852335 0.0495223 0.1223380 0.0235802 0.1610723 -0.1387050 -0.1709811 0.0341722 -0.1474230 0.0441214 0.0280533 -0.0718046 -0.1313051 0.0304322 0.0590256 0.0610869 0.0429704 0.5533407 0.0503176 0.0738512 0.0522369 0.0344589 0.1330346 0.0636370 0.0675490 -0.1047372 -0.0765632 -0.1610980 -0.1393736 0.0269113 0.0929359 -0.0805883 0.0899329 -0.0406418 0.0641515 0.0901854 0.0534180 0.0583416 0.0438746 0.1487573 0.0283948 0.1353367 -0.0342691 0.1007404 0.0556952 0.0169070 0.0504597 0.0907202 0.0679416 0.0781382 0.0415956 0.0190280 -0.2078039 -0.0706366 -0.2027790 0.0523888 -0.1857397 -0.1857191
-0.1694831 0.0564212 0.0366452 0.0495789 -0.1049097 -0.1719347 -0.0746301 0.0453125 0.0304131 -0.0209337 -0.1631670 0.0582817 0.0417936 0.0467407 0.0116628 0.0559013 0.0471885 0.0420266 0.0487619 0.0613517 0.0469413 0.0535101 0.0435855 0.0517725 0.0495438 -0.1218116 -0.1626689 0.0461056 -0.1472203 0.0539728 0.0419493 -0.1018749 -0.1177349 0.0497514 0.0487775 0.0471452 0.0461143 0.0503176 0.6163119 0.0552535 0.0490334 0.0454044 0.0402972 0.0487046 0.0467387 -0.1091990 0.0560130 -0.1404143 -0.1480888 0.0452548 0.0452352 -0.0672216 0.0454687 -0.0752173 0.0435625 0.0443270 0.0629399 0.0429168 0.0508876 0.0468649 0.0575899 0.0438097 -0.0867681 0.0538598 0.0495943 0.0555796 0.0195838 0.0493892 0.0412608 0.0523745 0.0831867 0.0539686 -0.1720328 0.0555867 -0.1808475 0.0544377 -0.1605777 -0.1647263
-0.1726440 0.0059731 0.0959117 0.0600273 -0.1174554 -0.1722231 -0.0752008 0.0728072 0.0288543 -0.0159470 -0.1663501 0.0404871 0.0348276 0.0487398 0.0411341 0.0497054 0.0478027 0.0387970 0.0424789 0.0390800 0.0567313 0.0531578 0.0699138 0.0462109 0.0814720 -0.1226073 -0.1574453 0.0361376 -0.1414120 0.0463488 0.0441087 -0.0874450 -0.1221291 0.0436504 0.0488442 0.0549729 0.0475018 0.0738512 0.0552535 0.5811078 0.0564547 0.0487869 0.0700953 0.0575330 0.0559102 -0.0979641 0.0059993 -0.1407980 -0.1369481 0.0428873 0.0594276 -0.0814069 0.0553766 -0.0668842 0.0544864 0.0540998 0.0450321 0.0563917 0.0476127 0.0778627 0.0531337 0.0773753 -0.0715756 0.0678156 0.0557472 0.0359749 0.0323993 0.0614259 0.0563548 0.0523929 0.0517587 0.0367074 -0.1798749 0.0077124 -0.1795916 0.0535304 -0.1653082 -0.1646948
-0.1867652 0.0791487 0.0492901 0.0534905 -0.1288878 -0.1852183 -0.0967817 0.0466524 0.0374256 -0.0150367 -0.1788452 0.0497612 0.0409467 0.0536654 0.0125925 0.0491865 0.0483935 0.0503981 0.0593150 0.0874308 0.0454918 0.0567575 0.0479024 0.0487957 0.0601669 -0.1281831 -0.1743862 0.0432656 -0.1580731 0.0843916 0.0432907 -0.1079477 -0.1254659 0.0551979 0.0514549 0.0539218 0.0560896 0.0522369 0.0490334 0.0564547 0.6070064 0.0458723 0.0492906 0.0520098 0.0569993 -0.1168064 0.0784341 -0.1563875 -0.1583631 0.0559503 0.0479432 -0.0919792 0.0501118 -0.0901147 0.0466315 0.0473907 0.0559609 0.0624846 0.0579660 0.0510537 0.0602412 0.0579772 -0.0891445 0.0582724 0.0444328 0.0804547 0.0429653 0.0592986 0.0471589 0.0484989 0.0570821 0.0478826 -0.1900722 0.0781544 -0.1968456 0.0500985 -0.1796589 -0.1792953
-0.1563550 0.0391891 0.0150630 0.0501670 -0.1258162 -0.1614345 -0.0776664 0.0367082 0.0503832 -0.0190065 -0.1506286 0.0516827 0.0598806 0.0473532 -0.0023188 0.0511706 0.0746146 0.0545803 0.0523217 0.0547252 0.0405264 0.0578447 0.0416113 0.0536065 0.0326851 -0.1175054 -0.1473904 0.0499367 -0.1379321 0.0474837 0.0409997 -0.0962687 -0.1121262 0.0537491 0.0509573 0.0570609 0.0517984 0.0344589 0.0454044 0.0487869 0.0458723 0.6125816 0.0371979 0.0469763 0.0478268 -0.1112793 0.0389656 -0.1317309 -0.1436162 0.0535995 0.0386086 -0.0886044 0.0380761 -0.0888932 0.0471731 0.0371916 0.0543569 0.0443253 0.0538772 0.0377278 0.0635531 0.0432612 -0.0828824 0.0465620 0.0509793 0.0490089 0.0183497 0.0496830 0.0497558 0.0492661 0.0548399 0.0607055 -0.1589006 0.0375840 -0.1670336 0.0563940 -0.1514481 -0.1539660
-0.1921094 -0.0784068 0.2241365 0.0846225 -0.1236804 -0.1769223 -0.0747869 0.1234471 0.0151571 -0.0112575 -0.1699973 0.0194487 0.0160840 0.0559893 0.1082831 0.0442912 0.0228372 0.0251394 0.0280532 0.0150409 0.0755316 0.0467281 0.1132108 0.0279130 0.1492585 -0.1272352 -0.1599962 0.0308679 -0.1419592 0.0391852 0.0275034 -0.0639127 -0.1232891 0.0279517 0.0488129 0.0605086 0.0434830 0.1330346 0.0402972 0.0700953 0.0492906 0.0371979 0.5586254 0.0588883 0.0610961 -0.1001775 -0.0787269 -0.1528819 -0.1311655 0.0296256 0.0836581 -0.0737903 0.0841652 -0.0386446 0.0613298 0.0850995 0.0477532 0.0619304 0.0439465 0.1408235 0.0265562 0.1276427 -0.0362295 0.0944898 0.0488799 0.0157749 0.0459697 0.0825073 0.0653573 0.0697011 0.0335621 0.0181880 -0.1898287 -0.0725140 -0.1913791 0.0445625 -0.1701265 -0.1766851
-0.1771805 0.0351204 0.0692856 0.0562759 -0.1197388 -0.1721821 -0.0863151 0.0560321 0.0359658 -0.0115931 -0.1664874 0.0408569 0.0359894 0.0594889 0.0310428 0.0522154 0.0469548 0.0419945 0.0471692 0.0352384 0.0484331 0.0598703 0.0597404 0.0508508 0.0664036 -0.1244911 -0.1574469 0.0446537 -0.1447754 0.0535005 0.0414828 -0.0982517 -0.1125937 0.0538607 0.0524850 0.0547795 0.0467445 0.0636370 0.0487046 0.0575330 0.0520098 0.0469763 0.0588883 0.5841789 0.0557778 -0.1032761 0.0352164 -0.1426677 -0.1480435 0.0463459 0.0575149 -0.0818084 0.0531583 -0.0778278 0.0584160 0.0586761 0.0642920 0.0477619 0.0531341 0.0641659 0.0516517 0.0591490 -0.0817862 0.0563303 0.0500806 0.0453104 0.0273389 0.0596877 0.0483478 0.0487348 0.0561838 0.0511832 -0.1787313 0.0364159 -0.1845970 0.0543369 -0.1646123 -0.1679485
-0.1764815 0.0285817 0.0864267 0.0566567 -0.1282194 -0.1741153 -0.0923198 0.0625380 0.0372181 -0.0100028 -0.1677265 0.0338966 0.0289755 0.0534096 0.0330794 0.0585247 0.0466433 0.0437609 0.0434861 0.0485544 0.0548335 0.0550446 0.0700589 0.0400370 0.0738863 -0.1284452 -0.1576986 0.0486531 -0.1413738 0.0556424 0.0392253 -0.0908495 -0.1162958 0.0514381 0.0528100 0.0590747 0.0473218 0.0675490 0.0467387 0.0559102 0.0569993 0.0478268 0.0610961 0.0557778 0.5785769 -0.1117503 0.0286733 -0.1463858 -0.1401660 0.0451647 0.0574742 -0.0856258 0.0544247 -0.0733534 0.0514145 0.0592820 0.0465374 0.0519712 0.0555133 0.0725662 0.0518940 0.0683323 -0.0739703 0.0584343 0.0497560 0.0513317 0.0341028 0.0552159 0.0591665 0.0595328 0.0482126 0.0425059 -0.1795939 0.0294543 -0.1844263 0.0558751 -0.1653006 -0.1672901
0.2779385 -0.1576122 -0.1179402 -0.1069778 0.2169215 0.3451105 0.2033329 -0.0962023 -0.0811519 0.0372547 0.2304413 -0.1034912 -0.0776621 -0.1049846 -0.0465821 -0.1029765 -0.1077585 -0.0959542 -0.1136245 -0.1137200 -0.1075515 -0.1010505 -0.1018905 -0.1015650 -0.1119810 0.1373773 0.2796287 -0.0893112 0.2619051 -0.1151307 -0.0923783 0.1585486 0.1730551 -0.0961856 -0.1016514 -0.1070686 -0.1086483 -0.1047372 -0.1091990 -0.0979641 -0.1168064 -0.1112793 -0.1001775 -0.1032761 -0.1117503 0.6482244 -0.1574489 0.3738933 0.2392114 -0.1017957 -0.0975705 0.2282163 -0.0951052 0.0874648 -0.0918196 -0.1003864 -0.1035619 -0.1056803 -0.1096281 -0.1048984 -0.1072696 -0.1116538 0.1136982 -0.1084133 -0.1077699 -0.1298025 -0.0631793 -0.1077393 -0.1101370 -0.1052309 -0.1165675 -0.1084574 0.2432570 -0.1540011 0.3229749 -0.1056284 0.2963044 0.2676755
-0.2024390 0.8784235 -0.1093906 -0.0041622 -0.1760678 -0.2219961 -0.1417585 -0.0788995 0.0388616 -0.0199763 -0.2069277 0.0362910 0.0183744 0.0335054 -0.0965821 0.0511728 0.0652594 0.0425870 0.0698172 0.1033230 0.0212738 0.0389478 -0.0598827 0.0533518 -0.0890302 -0.1708960 -0.2121480 0.0390629 -0.2002975 0.0885664 0.0421748 -0.1814886 -0.1610137 0.0514071 0.0396074 0.0408606 0.0431272 -0.0765632 0.0560130 0.0059993 0.0784341 0.0389656 -0.0787269 0.0352164 0.0286733 -0.1574489 0.8933280 -0.1735578 -0.2090036 0.0605658 -0.0110807 -0.1320301 -0.0184867 -0.1756623 0.0242560 -0.0118921 0.0281015 0.0441153 0.0535926 -0.0927566 0.0564790 -0.0393676 -0.1751163 -0.0190654 0.0683408 0.1610850 0.0395600 0.0075500 0.0129154 0.0251730 0.0667069 0.0422076 -0.2071261 0.8401175 -0.2280845 0.0335970 -0.2109682 -0.2063302
0.4010362 -0.1739262 -0.2019447 -0.1443786 0.2662186 0.4486018 0.2674817 -0.1520569 -0.1035994 0.0351790 0.3502211 -0.1243243 -0.0702785 -0.1421726 -0.0780450 -0.1458455 -0.1342116 -0.1245753 -0.1414743 -0.1397780 -0.1548955 -0.1442949 -0.1515666 -0.1315043 -0.1742964 0.2434380 0.4312934 -0.1191895 0.3876470 -0.1547311 -0.1205101 0.1982394 0.1930445 -0.1272990 -0.1421343 -0.1477400 -0.1290363 -0.1610980 -0.1404143 -0.1407980 -0.1563875 -0.1317309 -0.1528819 -0.1426677 -0.1463858 0.3738933 -0.1735578 0.7279727 0.3285820 -0.1348623 -0.1441919 0.2511860 -0.1377022 0.1395738 -0.1354510 -0.1445496 -0.1398107 -0.1495963 -0.1414394 -0.1620777 -0.1351594 -0.1720942 0.1538422 -0.1552753 -0.1420867 -0.1585015 -0.0928139 -0.1546299 -0.1466176 -0.1412919 -0.1544606 -0.1281294 0.3788906 -0.1740129 0.4405937 -0.1359475 0.4411816 0.3789787
0.4377451 -0.2084877 -0.1437392 -0.1408392 0.2928543 0.4482251 0.1979259 -0.1327683 -0.1098544 0.0092169 0.4079084 -0.1341901 -0.0913746 -0.1427326 -0.0541385 -0.1528363 -0.1452450 -0.1352073 -0.1427218 -0.1598057 -0.1386540 -0.1427094 -0.1379583 -0.1389331 -0.1448040 0.2749692 0.4283857 -0.1283929 0.3660572 -0.1600955 -0.1281787 0.2314578 0.2759358 -0.1470242 -0.1386553 -0.1496098 -0.1393117 -0.1393736 -0.1480888 -0.1369481 -0.1583631 -0.1436162 -0.1311655 -0.1480435 -0.1401660 0.2392114 -0.2090036 0.3285820 0.6144980 -0.1412571 -0.1291988 0.1266159 -0.1336631 0.1836847 -0.1392314 -0.1326821 -0.1474343 -0.1455459 -0.1451218 -0.1386241 -0.1529842 -0.1527130 0.1684177 -0.1441685 -0.1386837 -0.1664731 -0.0970851 -0.1425037 -0.1295612 -0.1408588 -0.1561691 -0.1289743 0.4362852 -0.2067202 0.5071498 -0.1397332 0.3971332 0.4212652
