2.8944762 2.7892807 2.6836708 -0.1287284 -0.2533965 -0.3884654 -0.2950399 0.0269560 -0.2512344 -0.1405998 -0.0901413 -0.1804650 -0.3990004 0.0821334 1.2258902 -0.1669756 -0.2898937 -0.2260896 -0.1114534 -0.3730448 -0.2209664 -0.1953411 -0.0410123 0.2593023 1.4195722 -0.2899212 -0.1428832 -0.4036471 -0.2686684 -0.2762580 -0.1286825 -0.2331150 -0.2415119 -0.2368978 -0.1980915 -0.1715028 -0.1578307 -0.1551743 -0.1538455 -0.2929088 -0.3153655 -0.3138060 -1.0210137 -0.0036377 -0.2343608 -0.1557443 2.7914147 -0.3161903 -0.5568029 -0.1421020 -0.1231058 -0.2623935 -0.2656666 0.0396180 -0.1889931 -0.0093048 -0.0616909 -0.2711431 -0.2704576 0.2452906 -0.1799103 -0.0048328 0.1311868 -1.3231373 -0.1914356 -0.3036786 -0.1228835 -0.0630133 -0.1123363 -0.1348771 -0.1137678 -0.2488350 -0.4394932 -0.3711038 -0.1557737 0.1990000 -0.0830796 -0.1517034
2.7892807 2.8565350 2.6009839 -0.1399861 -0.2479956 -0.3848976 -0.2985385 0.0298048 -0.2462081 -0.1509763 -0.1111372 -0.1851721 -0.3998555 0.0752205 1.1973118 -0.1709748 -0.3002525 -0.2055590 -0.1194823 -0.3787978 -0.2114794 -0.1887188 -0.0257780 0.2598102 1.4350849 -0.2884170 -0.1455548 -0.3992487 -0.2663234 -0.2810444 -0.1510397 -0.2338016 -0.2402607 -0.2312562 -0.2022586 -0.1775077 -0.1554868 -0.1417410 -0.1435740 -0.2793849 -0.3161288 -0.3360543 -1.0178849 -0.0159960 -0.2153994 -0.1584990 2.9113858 -0.2906049 -0.5540763 -0.1435574 -0.1140651 -0.2509811 -0.2480300 0.0520336 -0.1955118 0.0010298 -0.0626530 -0.2548247 -0.2726617 0.2582936 -0.1870655 0.0125875 0.1210538 -1.3212285 -0.1979771 -0.2974714 -0.1251279 -0.0584213 -0.1204518 -0.1323176 -0.1405776 -0.2743681 -0.4371616 -0.3601692 -0.1793609 0.1823351 -0.0983512 -0.1560207
2.6836708 2.6009839 2.7285054 -0.1005355 -0.2900327 -0.3824888 -0.2886012 0.0300234 -0.2582302 -0.1180460 -0.0976179 -0.1878789 -0.4257884 0.0806033 1.1438767 -0.1660441 -0.2748111 -0.2325026 -0.1260123 -0.3583093 -0.2085316 -0.1813245 -0.0171487 0.1658099 1.5024471 -0.2619466 -0.1219614 -0.3986877 -0.2804152 -0.2484209 -0.1190199 -0.2284897 -0.2489480 -0.2503223 -0.1977336 -0.2159105 -0.1133744 -0.3993804 -0.1320095 -0.3127256 -0.3015561 -0.2914501 -1.3661236 -0.0311026 -0.2209156 -0.1471722 2.6011724 -0.3113919 -0.5473350 -0.1275168 -0.1107628 -0.2362588 -0.2516058 0.0303567 -0.1723905 0.0190632 -0.0524901 -0.2631646 -0.3021790 0.2649882 -0.2022385 -0.0065669 0.1412890 -1.2979131 -0.1641416 -0.2786088 -0.1103120 -0.0508490 -0.1223687 -0.0978591 -0.1070265 -0.2304913 -0.4302586 -0.3541391 -0.1899430 0.1075868 -0.0813622 -0.1316973
-0.1287284 -0.1399861 -0.1005355 0.8894114 -0.0233992 -0.0981986 -0.1120016 0.1117757 0.0407892 0.0296585 0.0327875 0.0142547 -0.0191163 -0.0462905 -0.0796506 0.0271338 -0.0465615 -0.0584650 0.0126942 -0.0540618 0.0670455 0.0257843 0.0170131 -0.0662990 -0.1047609 0.0053377 -0.0913931 -0.1392769 -0.1002255 -0.1371666 -0.0466109 -0.0241238 -0.0039668 -0.0136071 0.0773183 -0.0337072 -0.0996575 0.0785551 -0.0482096 -0.0404038 -0.0743981 0.0573244 0.3391442 0.2065199 -0.0300661 0.0727284 -0.1375891 -0.0633647 0.0989765 0.0344868 0.0494501 0.0229261 0.2552369 0.0077052 0.0681453 0.0737617 0.1398837 0.0145225 -0.0743137 0.0146557 0.0073106 0.0584685 -0.0091633 0.3447974 0.0069381 -0.0276203 0.0153095 0.0751049 0.0687618 0.0316301 -0.0051227 -0.0551848 0.0759415 -0.0882704 -0.0318938 -0.0711535 -0.0423676 0.0242594
-0.2533965 -0.2479956 -0.2900327 -0.0233992 0.9107021 -0.0355370 0.0204907 -0.0676636 0.0242829 -0.0774288 0.0660641 0.0977786 0.0149945 -0.1586244 -0.1197076 0.1366625 -0.0243663 0.1360734 0.0484427 0.0363240 -0.0272178 0.0338015 -0.0502963 -0.0396307 -0.3095696 0.0283356 0.1331958 0.0977285 -0.0293869 0.0366786 -0.0067844 0.0417620 0.0517278 0.0569419 0.0286826 0.0570551 0.0995293 0.0216160 0.0570106 0.0662615 0.1265897 0.0253115 0.2967823 -0.0022177 0.0584406 0.0744959 -0.2505710 0.1041671 0.1682639 0.0043623 0.0719848 -0.1250780 -0.0466685 -0.0863152 -0.1204384 0.0158466 -0.0381965 0.0034138 0.0534078 -0.0582782 -0.0328030 -0.0489715 -0.0359445 0.4979818 0.0718976 0.2033037 0.0276115 0.0637542 0.0254016 -0.0113517 0.0431093 0.1520191 -0.0063591 0.2165875 -0.0137227 0.0017723 0.0258528 0.0252233
-0.3884654 -0.3848976 -0.3824888 -0.0981986 -0.0355370 1.0601189 0.1321239 -0.1198098 -0.0597543 0.3516820 -0.1383190 -0.0972037 0.0801728 0.3379087 -0.1814288 -0.0654326 0.4527266 -0.0497080 0.0060127 0.0535793 0.1532742 -0.0755441 -0.1035274 -0.0887485 -0.3087707 0.1327174 -0.0302475 0.1961509 0.4716855 0.2108473 -0.0320343 0.2156336 0.0049370 -0.0961956 -0.1111939 0.0333034 -0.0665998 0.0273680 0.0071767 0.3513983 0.0924975 0.0357050 0.3395365 -0.1198072 0.2714235 -0.0383577 -0.3863429 -0.0194272 0.0798257 0.0257532 -0.0325029 0.1916400 -0.0511925 -0.1030097 0.1599626 -0.1007188 -0.0357553 0.1141301 0.0778687 -0.1265570 -0.0787847 -0.0825611 -0.0375176 0.4357039 -0.0291824 0.0356940 -0.0261807 -0.1307617 0.0558811 -0.0848067 -0.1011390 0.0630438 0.1296490 0.0325065 0.0820145 0.0010129 0.0051781 -0.0538631
-0.2950399 -0.2985385 -0.2886012 -0.1120016 0.0204907 0.1321239 1.0509346 -0.0930851 -0.0403734 -0.0852840 -0.0961961 0.0752577 0.3152744 -0.1688467 -0.2515660 -0.0497968 0.0916847 -0.0089946 -0.0168485 0.0947269 0.0578984 -0.0459422 0.0108046 0.0305606 -0.2708774 0.0927970 0.0788172 0.1778453 0.0571334 0.1862556 0.1575712 0.0155480 0.1273984 -0.0591768 -0.1705355 0.2630876 -0.0428461 0.0068094 0.0219344 0.0917552 0.0464428 0.1187386 0.3389351 -0.1430475 -0.0242750 -0.0725776 -0.2965364 0.0276294 0.0812361 0.0577091 -0.0337936 -0.0317814 0.0265435 -0.1039913 -0.1141329 -0.0661653 -0.1005468 0.0650511 0.3327067 -0.0464556 0.0421114 -0.0349986 -0.0997965 0.4788812 -0.0545032 0.0845812 -0.0136332 -0.0763708 0.0739405 0.0826982 -0.0800178 0.1497223 0.0309494 0.2006761 0.0692524 0.1889586 0.0120487 -0.0957408
0.0269560 0.0298048 0.0300234 0.1117757 -0.0676636 -0.1198098 -0.0930851 1.1437514 -0.0333485 -0.0083088 -0.0097247 -0.0715129 -0.0383599 -0.2184581 0.0337445 0.0574628 -0.0395044 0.0019986 0.0385369 -0.0237797 0.0015057 -0.0232304 0.1103668 -0.0934739 0.0609350 -0.0815887 -0.0887919 -0.1575558 -0.1108279 -0.1397347 -0.0042476 -0.0555274 -0.0844113 -0.0308954 -0.0006745 -0.0115326 -0.0935381 0.1097067 -0.0027182 -0.0963531 -0.1174407 -0.0218364 0.4147483 0.0090574 -0.0721262 0.0307704 0.0274138 -0.0697518 0.1362252 0.0313013 -0.0232409 -0.0146204 0.0350144 -0.4457363 0.0094194 0.1416960 0.0476999 -0.0645036 -0.0717750 0.1682499 -0.0722891 0.0795760 -0.0157315 0.5064653 -0.0472663 0.0168431 0.0292316 -0.0008533 0.0107746 -0.0146126 0.0570091 -0.0047339 0.0099803 -0.1180843 -0.1022913 -0.1328174 -0.0272891 0.0636040
-0.2512344 -0.2462081 -0.2582302 0.0407892 0.0242829 -0.0597543 -0.0403734 -0.0333485 0.9306511 -0.0534450 0.0350154 0.0409856 0.1051673 -0.2567120 -0.1097792 -0.0256463 -0.0421561 0.0557991 0.0925644 0.0498963 -0.0161629 0.0946997 0.0227157 0.1145634 0.6765474 0.0776994 -0.0204310 -0.0304966 -0.0209120 0.0598653 0.0859943 -0.0388648 0.0882363 0.1251110 -0.0063856 0.0058304 -0.0086728 -0.0713537 0.0001928 -0.0747137 0.0258582 0.0790268 0.2769505 0.0034782 0.0245328 -0.0371328 -0.2422433 0.3483388 0.2165792 0.0511970 0.0328106 0.0562162 0.0454058 0.1625876 -0.0099022 -0.0205860 0.0102881 -0.0218764 -0.0018914 -0.0544244 0.1626459 -0.0906295 -0.0548735 0.4425734 -0.0149525 -0.0085551 -0.0237429 0.1972562 -0.0451086 -0.0254042 -0.0346863 0.0353725 0.0244736 -0.0188082 0.0806061 0.0417883 -0.0052783 0.0670943
-0.1405998 -0.1509763 -0.1180460 0.0296585 -0.0774288 0.3516820 -0.0852840 -0.0083088 -0.0534450 1.0781202 0.0673034 -0.2096771 -0.0616973 0.2843413 -0.0796911 0.0921734 0.2983749 -0.1061123 0.0135124 -0.0034955 0.0027934 -0.1143932 -0.0849210 -0.2244950 -0.2935373 0.0939280 -0.0865195 0.0226037 0.2995821 -0.0441521 -0.1796376 0.1759106 -0.0970080 0.0179404 0.0082271 -0.1564284 -0.1131256 0.0648041 -0.0618466 0.2619616 -0.0543528 0.0149553 0.2610225 0.0050564 0.2366691 -0.0158019 -0.1484603 -0.0197257 0.0745541 -0.0705525 -0.0460599 0.2772698 0.0707067 -0.0589392 0.3296300 -0.0097804 0.0775766 0.1225069 -0.1335490 -0.0701423 -0.0905133 -0.0678054 -0.0152098 0.3679214 0.0058024 -0.0291775 0.0548917 -0.0767956 0.0629803 -0.0646587 -0.0497289 -0.0055167 0.0672171 -0.0506421 -0.0199894 -0.1584518 -0.1256159 0.1126985
-0.0901413 -0.1111372 -0.0976179 0.0327875 0.0660641 -0.1383190 -0.0961961 -0.0097247 0.0350154 0.0673034 0.9741785 0.0918593 -0.0957829 0.3537383 -0.0588390 0.1314347 -0.1171101 0.0830161 0.1354577 0.0409105 -0.0029456 0.0993299 -0.0191138 -0.1471236 0.8328819 -0.0253617 0.0884121 -0.0253955 -0.0994444 -0.1284360 -0.1104789 -0.0505342 0.0331477 0.2260656 0.1744050 -0.0160471 0.0383136 -0.0329009 0.0002850 -0.0886059 0.1917990 -0.0197585 -0.9901915 0.1225990 0.0160987 0.0877697 -0.1067293 0.0624933 -0.3530163 -0.0165201 0.0605637 -0.0952567 -0.0461002 0.2155199 -0.0345528 0.0417322 -0.0133054 -0.0565278 -0.0833905 -0.0171015 0.0657776 -0.0657521 -0.0791538 -1.3697532 0.0696217 0.0296531 -0.0073533 0.0516296 -0.0103186 -0.0129802 0.1447632 -0.0189869 0.0388193 0.0760061 -0.0315469 -0.1233528 -0.0300799 0.1035534
-0.1804650 -0.1851721 -0.1878789 0.0142547 0.0977786 -0.0972037 0.0752577 -0.0715129 0.0409856 -0.2096771 0.0918593 0.9953961 0.0960570 -0.3346615 -0.0371462 0.0291639 -0.1251983 -0.0583320 -0.0546506 -0.0604761 -0.0089965 0.2437508 0.0601592 0.1035488 -0.2048091 -0.0522478 -0.0788870 -0.1566843 -0.1369339 0.1068662 0.0028799 -0.1040338 0.1167501 0.0642420 0.0029301 0.2722247 -0.0073211 -0.0269486 0.0327673 -0.1112679 0.1239869 0.0218913 0.3420760 0.1045679 -0.0007199 0.1897728 -0.1857897 -0.1200073 0.2264139 0.0349039 0.0366953 -0.1551015 -0.1059304 -0.1315724 -0.1223016 0.0574338 -0.0319748 -0.0888495 0.2607410 0.0056824 0.2847778 -0.0686641 0.0128431 0.4587510 0.1230670 0.0353665 -0.0816639 0.1291349 -0.0546006 0.1930834 0.0951035 0.0114112 0.1300962 -0.0718889 -0.0030486 0.0645564 0.0477271 -0.0207473
-0.3990004 -0.3998555 -0.4257884 -0.0191163 0.0149945 0.0801728 0.3152744 -0.0383599 0.1051673 -0.0616973 -0.0957829 0.0960570 1.1967727 -0.3046179 -0.3083404 0.0992137 -0.0200652 0.0131036 -0.0699661 0.1501145 0.1579086 -0.0852789 0.0780037 0.0929824 -0.5089425 0.2116563 0.0171549 0.0886869 -0.0031426 0.2105401 0.0854755 -0.0746779 0.1013783 0.1042679 -0.1620869 0.2096635 -0.0539775 -0.0493415 -0.0142725 -0.0406054 0.1090267 0.2271020 0.3419440 -0.1582465 -0.1225774 -0.1694308 -0.3958670 0.1144253 0.1228819 0.0517937 -0.1057743 0.1073483 0.1911536 -0.0497957 -0.0479997 -0.1299720 0.0017996 0.0557656 0.3668955 -0.0907847 0.0521606 -0.0598816 -0.1271940 0.4555003 -0.1361734 0.0246900 0.0424616 -0.1601222 -0.0345374 0.1294132 -0.0377514 0.0106057 0.4437238 0.1190345 0.0408690 0.0667030 0.0590445 -0.0454571
0.0821334 0.0752205 0.0806033 -0.0462905 -0.1586244 0.3379087 -0.1688467 -0.2184581 -0.2567120 0.2843413 0.3537383 -0.3346615 -0.3046179 1.2508267 -0.0052670 0.4260755 0.3621162 -0.1877606 -0.1835270 -0.1360072 0.0543728 -0.0123622 -0.2362579 -0.3445471 1.4755628 0.2212588 -0.2108720 -0.0570026 0.2646857 -0.0862725 -0.2248354 0.1835001 -0.2062823 -0.0576704 -0.1327484 -0.2838619 -0.2253973 -0.0376402 -0.1778485 0.2352453 -0.2407044 0.0750528 -159.7572021 -0.0561422 0.2025398 -0.0388769 0.0724498 -0.2171177 -59.1783524 0.0042277 -0.1920635 0.0598579 0.0090068 39.5062027 0.0968914 -0.0837035 -0.0423234 0.5081345 -0.2001717 -0.2568298 -0.3104881 -0.0807399 -0.1341618 -227.5994415 -0.1233528 -0.0985577 0.0951447 -0.2067905 -0.0313718 -0.1939262 0.0491674 -0.1128777 -0.2658790 -0.1199127 -0.0654434 -0.2239705 -0.2563868 -0.1133571
1.2258902 1.1973118 1.1438767 -0.0796506 -0.1197076 -0.1814288 -0.2515660 0.0337445 -0.1097792 -0.0796911 -0.0588390 -0.0371462 -0.3083404 -0.0052670 1.2472255 -0.0807983 -0.1036719 -0.0231231 -0.0355194 -0.1766142 -0.1782467 -0.0408622 -0.0461273 0.0396753 0.5197503 -0.1568852 -0.0820359 -0.2828389 -0.1342032 -0.1481333 -0.0982817 -0.0720643 -0.1242433 -0.1941981 -0.0097052 -0.0798693 0.0128895 -0.0949034 -0.0034177 -0.1492561 -0.1715667 -0.1999867 -0.4308403 0.0157223 -0.0817692 0.0303912 1.1934855 -0.1970402 -0.1404704 -0.0193484 -0.0338002 -0.1188800 -0.1814436 -0.0814649 -0.1321411 -0.0288874 0.0861898 -0.1890761 -0.1091436 0.1116450 -0.0623999 -0.0155674 0.1212502 -0.3953205 -0.0211681 -0.0904346 -0.1105800 0.0044235 -0.0696668 0.0354476 -0.0013353 -0.1505373 -0.2192295 -0.1955413 -0.1279983 0.0305050 0.0937714 -0.0154195
-0.1669756 -0.1709748 -0.1660441 0.0271338 0.1366625 -0.0654326 -0.0497968 0.0574628 -0.0256463 0.0921734 0.1314347 0.0291639 0.0992137 0.4260755 -0.0807983 1.0111437 -0.0747194 0.0707193 0.0569964 0.1942642 0.0151789 -0.0793855 -0.0349191 -0.1492132 -0.2873348 -0.0412317 -0.0095957 -0.0530060 -0.0428493 -0.1456257 -0.0716759 0.1092268 0.0557397 0.0339213 0.0349401 -0.0794762 -0.0111778 -0.0574109 0.0542410 0.0690300 -0.0739423 0.1340265 -0.9684581 -0.0283041 -0.0448741 0.0248185 -0.1754047 0.0029022 -0.2760382 -0.0414845 -0.0441489 -0.0190296 0.0432331 0.2092960 0.0044918 -0.0257616 0.0977236 0.0154144 -0.0131501 -0.0196205 -0.0886338 -0.0263000 -0.1029487 -1.2034351 0.0486654 0.1442191 0.0989187 -0.0277508 0.0445233 0.0711356 0.0793882 0.0036479 0.1909883 0.0665878 0.0220982 -0.1443231 0.0442849 0.1079344
-0.2898937 -0.3002525 -0.2748111 -0.0465615 -0.0243663 0.4527266 0.0916847 -0.0395044 -0.0421561 0.2983749 -0.1171101 -0.1251983 -0.0200652 0.3621162 -0.1036719 -0.0747194 0.9551363 -0.0315699 -0.0335777 0.0487185 -0.0096163 -0.0823415 -0.0917717 -0.0750669 -0.2497739 0.1134259 0.0123255 0.1752169 0.3772776 0.1116283 -0.0205209 0.1783725 -0.0198619 -0.1097862 -0.1120912 -0.0238363 -0.0561490 -0.0262712 -0.0064253 0.3050520 0.0211289 -0.0660733 0.3280528 0.0157589 0.2852297 0.1046043 -0.3023103 -0.0559873 0.0808038 0.1510192 -0.0475817 0.1712492 0.0128832 -0.0549523 0.1686740 -0.0648751 -0.0768994 0.1259684 0.0088843 -0.1234825 -0.0585399 -0.1232882 0.0221558 0.3993666 -0.0426982 0.0190548 -0.0325132 -0.1122525 0.0282184 -0.1169088 -0.0347312 0.0548094 -0.0552912 0.0204015 0.0181734 -0.0471224 -0.0587657 0.0211280
-0.2260896 -0.2055590 -0.2325026 -0.0584650 0.1360734 -0.0497080 -0.0089946 0.0019986 0.0557991 -0.1061123 0.0830161 -0.0583320 0.0131036 -0.1877606 -0.0231231 0.0707193 -0.0315699 0.9520692 0.1030248 0.1836500 -0.0423094 0.0045072 -0.0585599 -0.0573446 -0.2941407 -0.0347860 0.2679854 0.2815124 -0.0235804 -0.0460144 0.0724248 0.0646719 0.0032776 0.0686044 0.0941552 -0.0682333 0.3916191 -0.0437458 0.0640592 -0.0321710 0.1925250 0.0764663 0.2430216 -0.1119056 -0.0294983 -0.0009377 -0.2066108 0.3006392 0.1742760 -0.0087583 0.0053507 -0.0754869 -0.0825716 -0.1226102 -0.1193375 -0.0335097 -0.0209924 -0.0504375 -0.0424518 -0.0762458 -0.0362528 -0.1255774 -0.0666964 0.3895027 0.0129109 0.0446875 -0.0121609 -0.0219065 -0.0089051 -0.1045209 0.0725373 -0.0281495 -0.0142860 0.3499739 -0.0208417 -0.0343210 0.1344613 0.0568955
-0.1114534 -0.1194823 -0.1260123 0.0126942 0.0484427 0.0060127 -0.0168485 0.0385369 0.0925644 0.0135124 0.1354577 -0.0546506 -0.0699661 -0.1835270 -0.0355194 0.0569964 -0.0335777 0.1030248 1.0415754 0.1434861 0.0001284 0.1012870 -0.0475165 -0.1221399 0.5776289 -0.1022881 -0.0097830 0.0115484 -0.0255951 -0.0766912 -0.0656559 0.0043459 0.0254087 0.0570012 0.0293253 0.0182734 0.0134757 -0.0274408 -0.0134618 -0.0021371 0.0916817 0.0856381 0.3169257 0.0204218 -0.0398742 0.0860032 -0.1161232 0.0710618 0.1332542 0.0330672 0.0451495 -0.0428325 -0.0899030 -0.0511994 -0.0072936 0.0242830 0.1185260 -0.0270480 -0.0289193 -0.0209363 0.1581351 -0.0695936 -0.1123359 0.4877938 0.0243205 -0.0329099 0.0172116 0.0156996 -0.0731002 -0.0339529 0.0198878 0.0340474 0.0034752 -0.0131449 0.1495475 -0.0819002 0.1392785 0.0077165
-0.3730448 -0.3787978 -0.3583093 -0.0540618 0.0363240 0.0535793 0.0947269 -0.0237797 0.0498963 -0.0034955 0.0409105 -0.0604761 0.1501145 -0.1360072 -0.1766142 0.1942642 0.0487185 0.1836500 0.1434861 1.1629237 -0.0084467 0.0793470 -0.0600787 0.0188498 -0.3288015 0.0427800 0.0135072 0.0887789 0.0319972 -0.0119452 -0.0330309 0.1320241 0.1005439 -0.0042154 0.0033786 -0.0118381 0.0156979 -0.0651339 -0.0085206 0.0347400 -0.0664496 0.1262234 0.2877098 -0.0857476 -0.0069653 0.0762711 -0.3807404 0.0388978 0.5304868 -0.0123323 0.0338982 -0.0296737 0.0113901 -0.1170893 -0.0809043 -0.0684480 -0.0040065 0.0291429 0.0380289 -0.1027058 0.1112414 -0.1073291 -0.1218199 0.7381735 -0.0245332 0.0951719 0.1101750 -0.0957935 -0.0075246 -0.0528301 0.1609421 -0.0069297 0.0044275 0.0980995 0.1033467 -0.0307503 0.1597980 0.0338128
-0.2209664 -0.2114794 -0.2085316 0.0670455 -0.0272178 0.1532742 0.0578984 0.0015057 -0.0161629 0.0027934 -0.0029456 -0.0089965 0.1579086 0.0543728 -0.1782467 0.0151789 -0.0096163 -0.0423094 0.0001284 -0.0084467 0.8462876 -0.0398386 0.0396556 -0.0516142 -0.4184375 0.0142279 0.0346731 0.0583861 -0.0110941 0.0481785 -0.0357206 -0.0611872 0.0471388 0.1259932 -0.1481596 0.0758231 -0.0401092 0.0464515 0.0091115 -0.0307618 0.0724405 0.0996276 -0.1527553 -0.0719501 -0.0613941 -0.1107262 -0.2117842 0.0595528 -0.1893802 0.0240404 0.0012625 0.0941647 0.1164624 0.1117136 0.0740000 -0.0282081 0.0320104 0.0064071 0.0397109 -0.0130404 -0.0377032 0.0075831 -0.1269377 -0.3487473 -0.0476219 -0.0761085 0.0556192 -0.0433907 0.0201627 0.0649018 0.0270181 -0.0429373 0.2894337 0.0560317 0.0454527 -0.0407571 -0.0005316 0.0126827
-0.1953411 -0.1887188 -0.1813245 0.0257843 0.0338015 -0.0755441 -0.0459422 -0.0232304 0.0946997 -0.1143932 0.0993299 0.2437508 -0.0852789 -0.0123622 -0.0408622 -0.0793855 -0.0823415 0.0045072 0.1012870 0.0793470 -0.0398386 1.0215902 -0.0031028 0.0841749 -0.2498947 -0.0706958 -0.0657772 -0.0965760 -0.0415344 0.0237144 -0.0037241 -0.0147191 0.1087373 0.1025569 0.1154544 0.0909440 -0.0369905 -0.0070000 -0.0182082 -0.0574936 0.0061565 -0.0272906 -0.2367692 0.1014225 0.0496893 0.1878652 -0.1906853 -0.0589319 0.0353041 0.0350295 0.0541870 -0.0545435 -0.1123057 0.0340131 -0.0035516 0.0109406 0.0590317 -0.0698568 -0.0299614 0.0293977 0.2703027 -0.0473229 -0.0552712 -0.2897927 0.1534357 0.0694870 -0.0645915 0.0812048 -0.0828478 0.0370863 0.1491105 0.0504647 -0.0266555 -0.1378226 0.0417855 0.0458895 0.0477417 -0.0306076
-0.0410123 -0.0257780 -0.0171487 0.0170131 -0.0502963 -0.1035274 0.0108046 0.1103668 0.0227157 -0.0849210 -0.0191138 0.0601592 0.0780037 -0.2362579 -0.0461273 -0.0349191 -0.0917717 -0.0585599 -0.0475165 -0.0600787 0.0396556 -0.0031028 0.8380733 0.0622508 -0.0486151 0.0200004 -0.0294951 -0.0961336 -0.1058870 0.0530029 -0.0090872 -0.0979328 0.0162306 0.0015037 -0.0521424 0.0620669 -0.0710765 0.0352102 -0.0113130 -0.1029314 -0.0180150 0.0421484 0.2239088 -0.0026206 -0.0749562 -0.0148065 -0.0287806 -0.0401441 0.0645932 -0.0066329 -0.0128891 0.0150437 0.0364390 -0.0190452 -0.0248774 0.0615147 0.0013205 -0.0305585 0.0571666 0.1833470 0.0669632 0.1766127 0.0511789 0.2387480 -0.0533494 -0.0259177 0.0240362 0.0237790 0.0040882 0.0976737 -0.0313341 -0.0372704 0.1265212 -0.0869688 -0.0677748 0.0158345 -0.0167036 -0.0451262
0.2593023 0.2598102 0.1658099 -0.0662990 -0.0396307 -0.0887485 0.0305606 -0.0934739 0.1145634 -0.2244950 -0.1471236 0.1035488 0.0929824 -0.3445471 0.0396753 -0.1492132 -0.0750669 -0.0573446 -0.1221399 0.0188498 -0.0516142 0.0841749 0.0622508 1.0225122 -0.3161756 -0.0194850 -0.0170193 0.0144174 -0.0320044 0.1328594 0.2446875 -0.1649540 0.0685658 0.0244510 -0.0163002 0.0403867 -0.0452784 -0.0506689 -0.0548395 -0.1155874 0.0139707 -0.0491277 0.3535003 0.0092653 -0.0598150 -0.0391691 0.2589268 -0.0218224 0.1791731 -0.0094894 -0.0088098 -0.0522420 0.0117486 -0.0926227 -0.1718031 -0.0783013 -0.1021287 -0.0829610 0.0194952 0.0138148 0.1183154 0.1042939 0.1710985 0.4521085 -0.0783899 -0.0248321 -0.0259086 -0.0300774 -0.0619311 0.0425590 -0.0496433 0.0032292 -0.1022523 -0.0587501 0.2259264 0.3155296 0.0107362 -0.0278138
1.4195722 1.4350849 1.5024471 -0.1047609 -0.3095696 -0.3087707 -0.2708774 0.0609350 0.6765474 -0.2935373 0.8328819 -0.2048091 -0.5089425 1.4755628 0.5197503 -0.2873348 -0.2497739 -0.2941407 0.5776289 -0.3288015 -0.4184375 -0.2498947 -0.0486151 -0.3161756 1.5153340 -0.2887173 -0.1790628 -0.2876471 -0.2006708 -0.2692852 -0.3163920 -0.2063905 0.6320138 0.5147861 -0.4832917 -0.1586065 -0.2529196 -0.2632110 -0.2734630 -0.2798486 -0.2001544 -0.1172138 -3.5392277 -0.2034322 -0.2332207 -0.1528201 1.4448948 -0.2002034 -1.6260713 -0.2564172 0.1775417 -0.1810694 -0.0925917 0.8165862 -0.0675144 -0.0748187 -0.0866022 -0.2180245 -0.2541253 0.0143900 -0.3841880 -0.0129151 -0.0459037 -5.0635319 -0.0244059 0.6827093 -0.2619054 0.0693038 0.1957351 -0.1701306 -0.1824896 -0.2957798 -0.3643444 0.6408272 -0.4248391 -0.1741530 -0.2956939 0.7347261
-0.2899212 -0.2884170 -0.2619466 0.0053377 0.0283356 0.1327174 0.0927970 -0.0815887 0.0776994 0.0939280 -0.0253617 -0.0522478 0.2116563 0.2212588 -0.1568852 -0.0412317 0.1134259 -0.0347860 -0.1022881 0.0427800 0.0142279 -0.0706958 0.0200004 -0.0194850 -0.2887173 0.9678634 0.0701369 0.0664299 0.1156937 0.2305128 -0.0105625 0.1579299 -0.0033586 0.0180117 0.0471086 0.0057195 -0.0522345 0.0673761 -0.0286057 0.1066053 0.0220046 0.0963025 -0.2538938 -0.0296892 0.0727828 -0.0360133 -0.2855490 0.0502462 -0.1157033 0.0361427 -0.0853055 0.2549820 0.1387785 0.0623778 0.0996734 -0.0998745 0.0050367 0.3723030 0.1333537 -0.1040710 0.0245736 -0.1079344 -0.0322339 -0.3595242 -0.0009086 -0.0109174 0.0270468 -0.0515886 -0.0461960 -0.0543070 -0.0414915 0.0367213 0.1252508 0.0467049 -0.0517400 -0.0036649 -0.0846207 0.0232123
-0.1428832 -0.1455548 -0.1219614 -0.0913931 0.1331958 -0.0302475 0.0788172 -0.0887919 -0.0204310 -0.0865195 0.0884121 -0.0788870 0.0171549 -0.2108720 -0.0820359 -0.0095957 0.0123255 0.2679854 -0.0097830 0.0135072 0.0346731 -0.0657772 -0.0294951 -0.0170193 -0.1790628 0.0701369 0.8795292 0.3195632 -0.0188724 0.0552204 0.1184794 0.0178714 0.0426128 0.1119681 0.0915773 0.0089313 0.3168395 -0.0414716 0.0214475 -0.0122167 0.1974001 0.0153085 0.2848805 -0.0073699 -0.0583170 -0.1347045 -0.1396438 0.3499750 0.0302175 0.0146464 0.0225654 -0.1079218 -0.0502564 -0.0996806 -0.1383470 -0.0704672 -0.0715786 0.0275868 0.0111177 -0.0224483 -0.0571315 -0.0048424 -0.0606766 0.3975979 -0.0053416 -0.0201903 0.0225784 -0.0336948 -0.0077191 -0.0661512 -0.0026287 -0.0159587 -0.0960493 0.4095125 -0.0104084 -0.0079671 0.0230809 0.0513347
-0.4036471 -0.3992487 -0.3986877 -0.1392769 0.0977285 0.1961509 0.1778453 -0.1575558 -0.0304966 0.0226037 -0.0253955 -0.1566843 0.0886869 -0.0570026 -0.2828389 -0.0530060 0.1752169 0.2815124 0.0115484 0.0887789 0.0583861 -0.0965760 -0.0961336 0.0144174 -0.2876471 0.0664299 0.3195632 1.0265336 0.1757824 0.1670649 0.1289229 0.1155658 0.0382250 0.0987642 -0.0027971 0.0121315 0.3171801 -0.0257125 0.0076671 0.1892425 0.2715983 0.0223303 0.3373619 -0.1772956 0.0689741 -0.0880104 -0.4018493 0.3649087 0.0575458 0.0040728 0.0263483 0.1106776 -0.0445699 -0.0791288 -0.0333340 -0.1360742 -0.1131818 0.2415849 0.0193815 -0.1482976 -0.1080141 -0.0898042 -0.0640978 0.4143861 -0.0363457 -0.0396085 0.0085578 -0.1421796 0.0046202 -0.1314785 -0.1125698 0.1076783 -0.0740689 0.4455914 0.0825027 0.0414077 -0.0265007 -0.0768224
-0.2686684 -0.2663234 -0.2804152 -0.1002255 -0.0293869 0.4716855 0.0571334 -0.1108279 -0.0209120 0.2995821 -0.0994444 -0.1369339 -0.0031426 0.2646857 -0.1342032 -0.0428493 0.3772776 -0.0235804 -0.0255951 0.0319972 -0.0110941 -0.0415344 -0.1058870 -0.0320044 -0.2006708 0.1156937 -0.0188724 0.1757824 0.9315843 0.1067262 0.0124869 0.1996704 -0.0017442 -0.0748711 -0.0834688 -0.0475738 -0.0531292 0.0143136 0.0044562 0.3064118 -0.0143874 0.0191652 0.3354187 -0.0585378 0.2572418 -0.0441417 -0.2659480 0.0010696 0.0908092 0.0333155 -0.0250742 0.1569724 -0.0329321 -0.1075796 0.2405246 -0.1030742 -0.0506128 0.1498504 -0.0512919 -0.0997890 -0.0612812 -0.0112854 0.0205872 0.4494851 0.0432282 0.0047916 -0.0317626 -0.0982522 0.0660962 -0.1158063 -0.0634479 0.0433447 -0.0888768 0.0190658 0.2629026 0.0481691 -0.0195883 -0.0159920
-0.2762580 -0.2810444 -0.2484209 -0.1371666 0.0366786 0.2108473 0.1862556 -0.1397347 0.0598653 -0.0441521 -0.1284360 0.1068662 0.2105401 -0.0862725 -0.1481333 -0.1456257 0.1116283 -0.0460144 -0.0766912 -0.0119452 0.0481785 0.0237144 0.0530029 0.1328594 -0.2692852 0.2305128 0.0552204 0.1670649 0.1067262 0.9785137 0.0772049 -0.0160013 0.1569030 0.0234390 -0.1462397 0.1461506 -0.0046840 0.0702605 -0.0015684 0.0967180 0.0971963 0.0524725 0.2482222 -0.0941080 0.0632588 0.0198513 -0.2778061 -0.0055908 0.0422676 0.0441255 -0.0277231 0.1172251 -0.1079671 -0.0713558 -0.0603040 -0.0879862 -0.1083186 0.0640758 0.1693316 -0.0669902 0.1770330 -0.0602619 0.0662164 0.2263282 -0.0146637 -0.0130550 -0.0572530 -0.0486822 -0.0426284 0.0004257 -0.1145731 0.0760400 -0.0138571 -0.0082895 0.0209409 0.1281894 -0.0107159 -0.1681182
-0.1286825 -0.1510397 -0.1190199 -0.0466109 -0.0067844 -0.0320343 0.1575712 -0.0042476 0.0859943 -0.1796376 -0.1104789 0.0028799 0.0854755 -0.2248354 -0.0982817 -0.0716759 -0.0205209 0.0724248 -0.0656559 -0.0330309 -0.0357206 -0.0037241 -0.0090872 0.2446875 -0.3163920 -0.0105625 0.1184794 0.1289229 0.0124869 0.0772049 0.9360713 -0.0988947 0.0586774 0.0080516 -0.0347891 0.0147966 0.1185084 -0.0993909 0.0580969 0.0231913 0.0069234 0.0581738 0.2805212 0.0156856 -0.0534182 -0.1138195 -0.1475766 0.1098861 0.1166060 0.0835876 0.0031950 -0.0795368 0.0482871 -0.0912658 -0.1392143 -0.0621317 -0.0984676 -0.0145049 -0.0189714 -0.0327177 0.0475277 0.0842401 -0.0223891 0.4254445 -0.0304201 0.0847480 -0.0309465 -0.0599635 0.0612302 -0.0339864 -0.0924071 0.1161217 -0.1059666 0.0491233 0.2305425 0.1427694 0.0578729 0.0182841
-0.2331150 -0.2338016 -0.2284897 -0.0241238 0.0417620 0.2156336 0.0155480 -0.0555274 -0.0388648 0.1759106 -0.0505342 -0.1040338 -0.0746779 0.1835001 -0.0720643 0.1092268 0.1783725 0.0646719 0.0043459 0.1320241 -0.0611872 -0.0147191 -0.0979328 -0.1649540 -0.2063905 0.1579299 0.0178714 0.1155658 0.1996704 -0.0160013 -0.0988947 0.9753454 -0.0245281 -0.0870207 0.1043944 -0.0636072 0.0250016 0.0424899 -0.0177063 0.2119118 -0.0089828 0.0310906 0.3187653 -0.0335852 0.1798538 -0.0022870 -0.2335320 0.0395354 0.1266582 -0.0201139 -0.0311032 0.0723249 -0.0072607 -0.1239282 0.0971761 -0.0502580 0.0282797 0.1635936 -0.0136135 -0.0440051 -0.1193631 -0.0443123 -0.0189669 0.4830132 0.0409977 0.0314486 0.0447300 -0.0333468 0.0107191 -0.0576819 0.0339574 0.0115825 -0.0772571 0.1077482 0.0003873 -0.0467322 -0.0487811 -0.0210572
-0.2415119 -0.2402607 -0.2489480 -0.0039668 0.0517278 0.0049370 0.1273984 -0.0844113 0.0882363 -0.0970080 0.0331477 0.1167501 0.1013783 -0.2062823 -0.1242433 0.0557397 -0.0198619 0.0032776 0.0254087 0.1005439 0.0471388 0.1087373 0.0162306 0.0685658 0.6320138 -0.0033586 0.0426128 0.0382250 -0.0017442 0.1569030 0.0586774 -0.0245281 0.8102135 0.0756004 -0.0228763 0.1006061 -0.0236493 -0.0541321 -0.0049275 0.0461147 0.0659828 0.0781543 0.3167756 0.0174827 -0.0272935 -0.0142169 -0.2389110 -0.0140699 0.1906620 0.1215281 0.0723611 -0.1134876 -0.0217045 -0.0695836 -0.1307980 -0.0688043 -0.0034156 0.0039298 0.1234235 -0.0331767 0.1971910 -0.0235262 -0.0663902 0.4854200 0.0459014 0.0555906 -0.0151123 0.0009484 -0.0454571 0.0855511 0.0263139 0.0598139 0.0113453 0.0434391 0.1116687 0.0954948 0.0597673 0.0071268
-0.2368978 -0.2312562 -0.2503223 -0.0136071 0.0569419 -0.0961956 -0.0591768 -0.0308954 0.1251110 0.0179404 0.2260656 0.0642420 0.1042679 -0.0576704 -0.1941981 0.0339213 -0.1097862 0.0686044 0.0570012 -0.0042154 0.1259932 0.1025569 0.0015037 0.0244510 0.5147861 0.0180117 0.1119681 0.0987642 -0.0748711 0.0234390 0.0080516 -0.0870207 0.0756004 0.9770877 0.1041785 -0.0025019 0.1187080 -0.0953545 -0.0034238 -0.0804560 0.3552308 0.1054485 -0.2911937 -0.0296977 0.0087160 -0.0980845 -0.2322799 0.1889799 -0.1029989 -0.0500585 0.0267574 0.0915792 0.0970148 0.1228755 0.0517739 -0.0522729 -0.0104878 -0.0372446 -0.0748837 -0.0951590 0.0957209 -0.0995429 -0.1205923 -0.4058361 0.0366961 -0.0332460 -0.0011758 -0.0008573 -0.0580308 0.0038799 -0.0028403 -0.0326424 0.1961435 0.1428915 0.0804788 -0.0084140 -0.0555929 0.1131377
-0.1980915 -0.2022586 -0.1977336 0.0773183 0.0286826 -0.1111939 -0.1705355 -0.0006745 -0.0063856 0.0082271 0.1744050 0.0029301 -0.1620869 -0.1327484 -0.0097052 0.0349401 -0.1120912 0.0941552 0.0293253 0.0033786 -0.1481596 0.1154544 -0.0521424 -0.0163002 -0.4832917 0.0471086 0.0915773 -0.0027971 -0.0834688 -0.1462397 -0.0347891 0.1043944 -0.0228763 0.1041785 1.0485244 -0.0730031 0.1383936 0.0048685 0.0104999 -0.0871005 0.1604022 -0.0421850 0.2936673 0.1385107 -0.0177985 0.0695613 -0.2045817 0.0482179 0.1399189 -0.0797567 0.0805162 -0.0190777 0.0787602 -0.1147270 0.0249142 0.0035574 0.0569251 0.0242837 -0.0054060 -0.0528155 0.0075209 -0.0234738 -0.0092769 0.4285429 0.0761843 -0.0267252 0.0139205 0.0511354 -0.0047740 -0.0193719 0.1558134 -0.0514970 0.0225357 0.0957351 -0.0283960 -0.0484607 0.0234417 0.1403262
-0.1715028 -0.1775077 -0.2159105 -0.0337072 0.0570551 0.0333034 0.2630876 -0.0115326 0.0058304 -0.1564284 -0.0160471 0.2722247 0.2096635 -0.2838619 -0.0798693 -0.0794762 -0.0238363 -0.0682333 0.0182734 -0.0118381 0.0758231 0.0909440 0.0620669 0.0403867 -0.1586065 0.0057195 0.0089313 0.0121315 -0.0475738 0.1461506 0.0147966 -0.0636072 0.1006061 -0.0025019 -0.0730031 0.9043519 -0.0765314 0.0154674 0.0330337 -0.0574720 0.1229308 0.0000106 0.3888072 0.0067221 -0.0627853 -0.0237318 -0.1772961 -0.0646508 0.1119677 0.1049515 0.0952469 -0.0571261 -0.0714993 -0.0788760 -0.1021740 0.0030591 -0.0671305 -0.0301388 0.3028669 -0.0000713 0.1416780 -0.0389392 -0.0400246 0.4658329 0.0079849 0.0111264 -0.0207969 -0.0378628 -0.0157406 0.1824135 -0.0010008 0.0508838 0.0965025 -0.0304059 -0.0294636 0.0879099 0.0664225 -0.0818877
-0.1578307 -0.1554868 -0.1133744 -0.0996575 0.0995293 -0.0665998 -0.0428461 -0.0935381 -0.0086728 -0.1131256 0.0383136 -0.0073211 -0.0539775 -0.2253973 0.0128895 -0.0111778 -0.0561490 0.3916191 0.0134757 0.0156979 -0.0401092 -0.0369905 -0.0710765 -0.0452784 -0.2529196 -0.0522345 0.3168395 0.3171801 -0.0531292 -0.0046840 0.1185084 0.0250016 -0.0236493 0.1187080 0.1383936 -0.0765314 0.8961866 -0.1129617 0.2464371 -0.0234255 0.2189603 0.0589759 0.2255985 -0.0740867 -0.0385100 -0.0688327 -0.1564837 0.3427885 0.0733209 -0.0123628 0.0065935 -0.1434894 -0.0782113 -0.1101774 -0.1563576 -0.0561481 -0.0675020 -0.0312424 -0.0468984 -0.0490025 -0.0874207 -0.0954450 -0.0468373 0.4086339 0.0130822 0.0249494 -0.0260810 0.0132204 -0.0046759 -0.0928860 -0.0239471 -0.0277457 -0.0428243 0.3986074 -0.0383543 -0.0388934 0.0944485 0.0592029
-0.1551743 -0.1417410 -0.3993804 0.0785551 0.0216160 0.0273680 0.0068094 0.1097067 -0.0713537 0.0648041 -0.0329009 -0.0269486 -0.0493415 -0.0376402 -0.0949034 -0.0574109 -0.0262712 -0.0437458 -0.0274408 -0.0651339 0.0464515 -0.0070000 0.0352102 -0.0506689 -0.2632110 0.0673761 -0.0414716 -0.0257125 0.0143136 0.0702605 -0.0993909 0.0424899 -0.0541321 -0.0953545 0.0048685 0.0154674 -0.1129617 0.5829526 -0.0455606 -0.0335508 -0.0375421 -0.0761995 2.1452706 0.0010546 0.0415395 0.0543152 -0.1446270 -0.0681359 0.0678314 -0.0414401 0.0427179 0.0463602 -0.0177379 -0.0221962 0.0517262 0.0673594 0.0263737 0.0253822 0.0307292 0.0430854 -0.0089696 0.0971879 0.0907612 0.3580098 -0.0139232 -0.0374862 0.0138463 0.0402182 -0.0822592 0.0232549 -0.0137251 -0.0354320 -0.0674535 -0.0402766 -0.0996304 -0.0413407 -0.0847805 -0.0669938
-0.1538455 -0.1435740 -0.1320095 -0.0482096 0.0570106 0.0071767 0.0219344 -0.0027182 0.0001928 -0.0618466 0.0002850 0.0327673 -0.0142725 -0.1778485 -0.0034177 0.0542410 -0.0064253 0.0640592 -0.0134618 -0.0085206 0.0091115 -0.0182082 -0.0113130 -0.0548395 -0.2734630 -0.0286057 0.0214475 0.0076671 0.0044562 -0.0015684 0.0580969 -0.0177063 -0.0049275 -0.0034238 0.0104999 0.0330337 0.2464371 -0.0455606 0.7636253 0.0024366 0.0083374 0.0766152 0.3081573 -0.0368671 -0.0149857 0.0071964 -0.1499625 0.0072460 0.1275280 0.0625278 -0.0028565 -0.0884127 -0.0415252 -0.0836916 -0.0729463 -0.0012150 -0.0324926 0.0394754 0.0508786 0.0228612 -0.0399713 -0.0334572 -0.0107139 0.4828985 0.0346970 0.0520278 0.0433022 0.0367749 0.0749188 -0.0299817 -0.0300056 0.0102068 0.0513555 0.0621713 0.0008744 -0.0396676 0.0885191 -0.0135747
-0.2929088 -0.2793849 -0.3127256 -0.0404038 0.0662615 0.3513983 0.0917552 -0.0963531 -0.0747137 0.2619616 -0.0886059 -0.1112679 -0.0406054 0.2352453 -0.1492561 0.0690300 0.3050520 -0.0321710 -0.0021371 0.0347400 -0.0307618 -0.0574936 -0.1029314 -0.1155874 -0.2798486 0.1066053 -0.0122167 0.1892425 0.3064118 0.0967180 0.0231913 0.2119118 0.0461147 -0.0804560 -0.0871005 -0.0574720 -0.0234255 -0.0335508 0.0024366 0.9560858 -0.0011532 -0.0028031 0.2457843 -0.1055558 0.2297617 -0.0255236 -0.2810564 -0.0181204 0.0868646 0.0081406 0.0142952 0.1119900 -0.0503386 -0.1062936 0.1375890 -0.0767964 -0.0377247 0.1602201 -0.0404518 -0.0671634 -0.1096126 -0.0328975 -0.0164415 0.4244772 0.0550863 0.0878405 0.0127401 -0.0423864 0.0865369 -0.0652545 -0.1177908 0.1487136 -0.1071252 0.0494499 0.0315365 0.0443814 -0.0383581 -0.0482243
-0.3153655 -0.3161288 -0.3015561 -0.0743981 0.1265897 0.0924975 0.0464428 -0.1174407 0.0258582 -0.0543528 0.1917990 0.1239869 0.1090267 -0.2407044 -0.1715667 -0.0739423 0.0211289 0.1925250 0.0916817 -0.0664496 0.0724405 0.0061565 -0.0180150 0.0139707 -0.2001544 0.0220046 0.1974001 0.2715983 -0.0143874 0.0971963 0.0069234 -0.0089828 0.0659828 0.3552308 0.1604022 0.1229308 0.2189603 -0.0375421 0.0083374 -0.0011532 1.1016775 0.0196573 0.3191020 -0.0920997 0.0720618 -0.0818885 -0.3170346 0.2195056 0.1106070 -0.0121208 0.0757037 0.0034345 -0.0512833 -0.0604307 -0.0093581 -0.0172962 -0.1028963 -0.0035931 0.1008208 -0.1197121 0.1143065 -0.1103972 -0.0994395 0.3767180 0.0141851 -0.0375341 -0.0855736 -0.0500107 -0.0699946 0.0069915 -0.0583953 -0.0015451 0.1076768 0.2741698 -0.0620846 -0.0060624 -0.0686507 -0.0030469
-0.3138060 -0.3360543 -0.2914501 0.0573244 0.0253115 0.0357050 0.1187386 -0.0218364 0.0790268 0.0149553 -0.0197585 0.0218913 0.2271020 0.0750528 -0.1999867 0.1340265 -0.0660733 0.0764663 0.0856381 0.1262234 0.0996276 -0.0272906 0.0421484 -0.0491277 -0.1172138 0.0963025 0.0153085 0.0223303 0.0191652 0.0524725 0.0581738 0.0310906 0.0781543 0.1054485 -0.0421850 0.0000106 0.0589759 -0.0761995 0.0766152 -0.0028031 0.0196573 0.9464960 -0.2825321 -0.0899967 -0.0405997 -0.0516090 -0.3338773 0.0543411 -0.0545443 -0.0017878 -0.0561163 0.0817756 0.1135753 0.0543444 0.0547611 -0.1210738 0.1198944 0.0368926 0.0534544 -0.0898138 0.0458870 -0.0703231 -0.0961670 -0.3456087 0.0034057 0.0503114 0.0679006 0.0074388 0.0483319 0.0091302 -0.0413403 0.0237544 0.3135004 0.0695322 0.0550310 0.0313489 0.0421117 0.0261334
-1.0210137 -1.0178849 -1.3661236 0.3391442 0.2967823 0.3395365 0.3389351 0.4147483 0.2769505 0.2610225 -0.9901915 0.3420760 0.3419440 -159.7572021 -0.4308403 -0.9684581 0.3280528 0.2430216 0.3169257 0.2877098 -0.1527553 -0.2367692 0.2239088 0.3535003 -3.5392277 -0.2538938 0.2848805 0.3373619 0.3354187 0.2482222 0.2805212 0.3187653 0.3167756 -0.2911937 0.2936673 0.3888072 0.2255985 2.1452706 0.3081573 0.2457843 0.3191020 -0.2825321 0.5317629 0.4023391 0.2510867 0.2130883 -1.0225114 0.2702093 127.4239731 0.1602920 0.3808353 0.1847034 0.1672238 -85.0155716 0.2857999 0.1395489 0.0525638 -0.7329718 0.3089300 0.3198267 0.3391819 0.1925811 0.3290214 490.6037903 0.2508875 0.3023466 -0.1641696 0.2860314 0.1032405 0.1235613 -0.2355642 0.3315300 0.3242216 0.3252868 0.2551999 0.3503598 0.2682421 0.2603363
-0.0036377 -0.0159960 -0.0311026 0.2065199 -0.0022177 -0.1198072 -0.1430475 0.0090574 0.0034782 0.0050564 0.1225990 0.1045679 -0.1582465 -0.0561422 0.0157223 -0.0283041 0.0157589 -0.1119056 0.0204218 -0.0857476 -0.0719501 0.1014225 -0.0026206 0.0092653 -0.2034322 -0.0296892 -0.0073699 -0.1772956 -0.0585378 -0.0941080 0.0156856 -0.0335852 0.0174827 -0.0296977 0.1385107 0.0067221 -0.0740867 0.0010546 -0.0368671 -0.1055558 -0.0920997 -0.0899967 0.4023391 0.9640368 0.0169701 0.1442371 -0.0153040 -0.1037193 0.1015271 0.1353658 0.0108436 -0.1222545 0.1813133 -0.0850983 -0.0139135 0.1099407 0.0494903 -0.0240107 -0.0870210 0.0382467 0.1166496 -0.0028292 -0.0074540 0.4533708 0.0394898 0.0417491 0.0000325 0.1222610 0.0297223 -0.0017803 0.0764227 -0.0305715 -0.1280060 -0.0976900 0.0944536 -0.0827239 -0.0677990 0.0689007
-0.2343608 -0.2153994 -0.2209156 -0.0300661 0.0584406 0.2714235 -0.0242750 -0.0721262 0.0245328 0.2366691 0.0160987 -0.0007199 -0.1225774 0.2025398 -0.0817692 -0.0448741 0.2852297 -0.0294983 -0.0398742 -0.0069653 -0.0613941 0.0496893 -0.0749562 -0.0598150 -0.2332207 0.0727828 -0.0583170 0.0689741 0.2572418 0.0632588 -0.0534182 0.1798538 -0.0272935 0.0087160 -0.0177985 -0.0627853 -0.0385100 0.0415395 -0.0149857 0.2297617 0.0720618 -0.0405997 0.2510867 0.0169701 0.8944262 0.0887191 -0.2165667 -0.0112236 0.1186948 -0.0449453 -0.0184681 0.1257809 -0.0637642 -0.0973071 0.1525797 0.0126029 -0.0503918 0.0834339 -0.0913387 -0.0636505 0.0061491 -0.0823869 0.0439320 0.3691404 0.0437736 0.0507671 -0.0501749 0.0209136 0.0165098 -0.0823555 -0.0312407 0.0610790 -0.1073444 -0.0003172 -0.0414634 -0.0347281 -0.0833762 0.0762035
-0.1557443 -0.1584990 -0.1471722 0.0727284 0.0744959 -0.0383577 -0.0725776 0.0307704 -0.0371328 -0.0158019 0.0877697 0.1897728 -0.1694308 -0.0388769 0.0303912 0.0248185 0.1046043 -0.0009377 0.0860032 0.0762711 -0.1107262 0.1878652 -0.0148065 -0.0391691 -0.1528201 -0.0360133 -0.1347045 -0.0880104 -0.0441417 0.0198513 -0.1138195 -0.0022870 -0.0142169 -0.0980845 0.0695613 -0.0237318 -0.0688327 0.0543152 0.0071964 -0.0255236 -0.0818885 -0.0516090 0.2130883 0.1442371 0.0887191 1.0139254 -0.1586729 -0.1980741 0.1817491 -0.0283150 0.0118519 0.0413431 -0.0917865 -0.1476031 0.0517508 0.0701058 0.0764170 -0.0176008 -0.0222223 -0.0229745 0.1904123 -0.0962193 0.1126572 0.3024016 0.1454453 0.0791564 -0.0277544 0.0991670 -0.0216981 -0.0163299 0.1591479 0.1198032 0.0029685 -0.1369242 -0.1007255 -0.0244011 0.0485522 0.0196242
2.7914147 2.9113858 2.6011724 -0.1375891 -0.2505710 -0.3863429 -0.2965364 0.0274138 -0.2422433 -0.1484603 -0.1067293 -0.1857897 -0.3958670 0.0724498 1.1934855 -0.1754047 -0.3023103 -0.2066108 -0.1161232 -0.3807404 -0.2117842 -0.1906853 -0.0287806 0.2589268 1.4448948 -0.2855490 -0.1396438 -0.4018493 -0.2659480 -0.2778061 -0.1475766 -0.2335320 -0.2389110 -0.2322799 -0.2045817 -0.1772961 -0.1564837 -0.1446270 -0.1499625 -0.2810564 -0.3170346 -0.3338773 -1.0225114 -0.0153040 -0.2165667 -0.1586729 2.8493118 -0.2891124 -0.5527810 -0.1406456 -0.1177660 -0.2491754 -0.2497067 0.0487915 -0.2006361 0.0044170 -0.0644750 -0.2528601 -0.2707390 0.2520317 -0.1877159 0.0073973 0.1228497 -1.3235481 -0.1907703 -0.2981734 -0.1276378 -0.0536634 -0.1195237 -0.1314936 -0.1352207 -0.2693084 -0.4360580 -0.3604308 -0.1704835 0.1843615 -0.0948362 -0.1578688
-0.3161903 -0.2906049 -0.3113919 -0.0633647 0.1041671 -0.0194272 0.0276294 -0.0697518 0.3483388 -0.0197257 0.0624933 -0.1200073 0.1144253 -0.2171177 -0.1970402 0.0029022 -0.0559873 0.3006392 0.0710618 0.0388978 0.0595528 -0.0589319 -0.0401441 -0.0218224 -0.2002034 0.0502462 0.3499750 0.3649087 0.0010696 -0.0055908 0.1098861 0.0395354 -0.0140699 0.1889799 0.0482179 -0.0646508 0.3427885 -0.0681359 0.0072460 -0.0181204 0.2195056 0.0543411 0.2702093 -0.1037193 -0.0112236 -0.1980741 -0.2891124 0.9515405 0.0524569 -0.0188802 0.0148451 0.0231038 0.0190705 0.1517976 -0.0509111 -0.0957335 -0.0554164 0.0037974 -0.0363358 -0.0806901 -0.0438781 -0.0942931 -0.1279192 0.3975433 -0.0460364 -0.0424813 -0.0020788 0.1046483 -0.0312582 -0.0889839 -0.0515718 -0.0141324 0.0064730 0.4201790 0.1008291 -0.0291629 -0.0241732 0.1126227
