0.8073556 -0.0168307 -0.1298900 -0.0399984 0.0112654 -0.0015672 -0.0126702 -0.0990143 -0.0123537 -0.0262405 -0.0167440 -0.0090457 0.0137766 -0.0202919 -0.0781313 -0.0244463 -0.0073117 -0.0090161 -0.0118408 0.0145600 -0.0524895 -0.0064977 -0.0629136 -0.0059582 -0.1264737 -0.0117434 -0.0082143 -0.0141737 0.0045322 -0.0062609 -0.0142500 -0.0234716 0.0051109 -0.0016887 -0.0071868 -0.0285435 0.0125697 -0.1002310 -0.0133545 -0.0425151 -0.0030516 -0.0056160 -0.0924647 -0.0314712 -0.0288856 0.0147445 -0.0169943 -0.0110997 -0.0154378 -0.0060988 -0.0550158 -0.0261589 -0.0585503 -0.0536046 -0.0192333 -0.0556469 -0.0228535 -0.0193555 -0.0262259 -0.0999529 -0.0245340 -0.0916877 -0.0498985 -0.0467473 -0.0007724 0.0021765 -0.0333281 -0.0463259 -0.0143788 -0.0333697 -0.0187130 0.0024964 0.0507458 -0.0210874 0.0031067 -0.0170342 0.0032896 0.7321489
-0.0168307 0.8451565 -0.1521771 -0.0180641 -0.0097096 -0.0154745 -0.0511687 -0.1008929 -0.0314800 -0.0453292 -0.0382105 -0.0408569 -0.0085868 -0.0243563 -0.0940027 -0.0223157 -0.0299811 -0.0265145 -0.0395554 -0.0207796 -0.0564142 -0.0094344 -0.0742025 -0.0598511 -0.0786182 -0.0500392 -0.0265840 -0.0298955 0.0110792 -0.0567250 -0.0391265 -0.0631406 -0.0171749 -0.0129403 -0.0159095 -0.0416364 -0.0381394 -0.0740139 -0.0211718 -0.0482472 -0.0169579 -0.0428401 -0.0777172 -0.0509550 -0.0540011 -0.0030341 0.8375118 -0.0288289 -0.0105410 -0.0566575 -0.0451613 -0.0347765 -0.0641080 -0.0262424 -0.0313067 -0.0581841 -0.0556790 -0.0439546 -0.0470206 -0.0781554 -0.0329365 -0.0786337 -0.0564873 -0.0609171 -0.0213205 -0.0056560 -0.0407806 -0.0813647 -0.0233145 -0.0413793 -0.0393777 0.0015106 -0.0037581 0.8068789 -0.0059750 -0.0292324 -0.0402933 -0.0267081
-0.1298900 -0.1521771 0.5236152 0.0772168 -0.0393301 -0.0783163 -0.0099481 0.2148108 -0.0664542 -0.0160932 -0.0897126 -0.0779621 -0.0620025 -0.0035735 0.2565575 -0.0416302 -0.0690250 -0.0591087 -0.0510834 -0.0957207 0.0758774 -0.0380143 0.1408067 -0.0541784 0.2680811 -0.0639144 -0.0511040 -0.0296039 -0.0459231 -0.0016729 -0.0505282 0.0335706 -0.0792327 -0.0587094 -0.0079890 0.0057069 -0.0265012 0.2011457 -0.0204964 0.0395482 -0.0014554 -0.0478203 0.1789677 0.0023308 0.0292748 -0.0318353 -0.1519647 -0.0641846 -0.0228778 -0.0495756 0.0800066 -0.0159058 0.0725562 0.0774623 0.0162690 0.0808249 -0.0027296 0.0132868 -0.0255151 0.2157209 -0.0610242 0.1925300 0.0889102 0.0854846 -0.0035142 -0.0679394 0.0610518 0.0833064 0.0122423 0.0368909 -0.0422529 -0.0794400 -0.1263958 -0.1420939 -0.0909194 0.0003916 -0.0744238 -0.1061254
-0.0399984 -0.0180641 0.0772168 0.6202030 -0.0200305 -0.0145192 -0.0117976 0.0405131 -0.0151201 -0.0107979 -0.0392423 -0.0193957 -0.0199377 -0.0048987 0.0365043 -0.0165446 -0.0243913 -0.0244483 -0.0092574 -0.0332716 0.0105221 -0.0037614 0.0273553 -0.0178769 0.0498403 -0.0209045 -0.0231674 -0.0011972 -0.0036127 -0.0008805 -0.0202745 -0.0018037 -0.0261330 -0.0166954 0.0036139 -0.0002876 -0.0055840 0.0358862 0.0035518 0.0067342 0.0000547 -0.0230133 0.0303203 -0.0048660 -0.0025845 -0.0095197 -0.0181515 -0.0326830 -0.0048265 -0.0220126 0.0113788 -0.0058044 0.0089070 0.0090958 0.0017223 0.0149374 -0.0036987 -0.0044210 -0.0063439 0.0427676 -0.0119370 0.0330829 0.0068850 0.0126199 -0.0089686 -0.0261019 0.0071343 0.0132433 0.0013292 0.0075575 -0.0132631 -0.0044374 -0.0307079 -0.0155222 -0.0076810 -0.0033784 -0.0336093 -0.0360547
0.0112654 -0.0097096 -0.0393301 -0.0200305 0.6667220 -0.0137587 -0.0076532 -0.0239774 0.0148605 -0.0174099 0.0226046 -0.0048838 -0.0074836 -0.0177473 -0.0272243 -0.0200428 -0.0146554 -0.0012962 -0.0087245 -0.0183406 -0.0083644 0.0047399 -0.0228166 -0.0188300 -0.0246141 0.0033244 0.0172729 0.0088739 -0.0037608 0.0013199 -0.0111351 -0.0131754 0.0029096 -0.0155629 -0.0032218 -0.0192071 -0.0043353 -0.0232293 -0.0192312 -0.0090127 -0.0192781 0.0008345 -0.0254754 0.0030249 0.0023987 0.0088693 -0.0097597 -0.0053782 -0.0127873 -0.0115745 -0.0073977 -0.0073840 -0.0122494 -0.0033234 -0.0150870 -0.0159438 -0.0023683 -0.0179840 -0.0038249 -0.0239452 -0.0100470 -0.0220541 -0.0153225 -0.0199937 -0.0059973 -0.0096696 -0.0142722 -0.0103051 -0.0109661 -0.0050659 -0.0083754 -0.0115006 0.0218319 -0.0084881 -0.0069821 -0.0059459 0.0305481 0.0090162
-0.0015672 -0.0154745 -0.0783163 -0.0145192 -0.0137587 0.7407774 -0.0075726 -0.0395722 0.0019598 -0.0094341 0.0094995 -0.0279085 -0.0129022 -0.0142124 -0.0487259 0.0046172 -0.0107401 0.0132753 0.0133832 0.0361566 -0.0298830 -0.0194534 -0.0318592 0.0079696 -0.0547491 -0.0113154 -0.0108095 -0.0139879 0.0161697 -0.0001926 -0.0167374 -0.0167426 0.0446323 0.0026350 -0.0184223 0.0024157 -0.0169041 -0.0435559 -0.0107381 0.0007010 -0.0118750 0.0245661 -0.0387097 0.0242082 -0.0138024 -0.0226589 -0.0159233 0.0125260 -0.0018442 0.0036334 -0.0260620 -0.0019283 -0.0229125 -0.0183934 -0.0276146 0.0046373 -0.0084227 -0.0105189 -0.0082405 -0.0467987 0.0036836 -0.0444488 -0.0261160 -0.0292375 -0.0242618 0.0038638 -0.0257406 -0.0199369 -0.0364875 -0.0168860 -0.0110677 0.0214203 0.0607741 -0.0180476 0.0326554 -0.0103689 -0.0217863 -0.0059727
-0.0126702 -0.0511687 -0.0099481 -0.0117976 -0.0076532 -0.0075726 0.6362801 -0.0080086 -0.0137140 -0.0059351 0.0013490 0.0139046 0.0005622 -0.0047716 -0.0005584 0.0038488 -0.0021242 -0.0142698 0.0000606 0.0215121 -0.0054164 -0.0069097 -0.0035778 0.0138829 -0.0062124 -0.0005335 -0.0132457 -0.0058454 -0.0132127 -0.0105796 -0.0001798 0.0045945 -0.0127259 -0.0050747 -0.0199737 -0.0003658 -0.0113719 -0.0043873 -0.0100233 -0.0184607 -0.0051844 -0.0019973 -0.0046113 0.0012773 -0.0086894 -0.0142390 -0.0511644 0.0047505 -0.0062874 0.0036781 -0.0046419 -0.0160961 -0.0110004 -0.0121876 -0.0012214 -0.0099323 -0.0075289 0.0011171 -0.0169327 -0.0051572 -0.0036414 -0.0113346 -0.0022196 0.0018175 -0.0004917 -0.0011811 -0.0001240 -0.0018263 -0.0067356 -0.0022147 0.0079974 -0.0085290 0.0090880 -0.0499282 -0.0207967 0.0023517 -0.0018409 -0.0115991
-0.0990143 -0.1008929 0.2148108 0.0405131 -0.0239774 -0.0395722 -0.0080086 0.6231106 -0.0284031 -0.0040242 -0.0476299 -0.0437498 -0.0391606 0.0014319 0.1194476 -0.0240713 -0.0357870 -0.0335501 -0.0227962 -0.0522271 0.0432554 -0.0241460 0.0764839 -0.0209558 0.1380824 -0.0367132 -0.0217203 -0.0204334 -0.0250447 0.0014566 -0.0201030 0.0216172 -0.0414964 -0.0250623 0.0003841 0.0084902 -0.0107800 0.1071070 -0.0143537 0.0240777 0.0048721 -0.0179882 0.0939620 0.0010626 0.0205877 -0.0252208 -0.1007078 -0.0362209 -0.0128044 -0.0264747 0.0421645 -0.0078345 0.0433438 0.0447335 0.0089525 0.0481216 -0.0003078 0.0083956 -0.0062979 0.1142159 -0.0284500 0.1028909 0.0473195 0.0477620 -0.0065655 -0.0461218 0.0330378 0.0526547 0.0059559 0.0151960 -0.0195458 -0.0413049 -0.0789342 -0.0950591 -0.0512873 0.0047698 -0.0441364 -0.0851263
-0.0123537 -0.0314800 -0.0664542 -0.0151201 0.0148605 0.0019598 -0.0137140 -0.0284031 0.6974301 -0.0100661 -0.0157227 0.0123392 0.0032903 -0.0114910 -0.0356056 -0.0066109 -0.0004856 -0.0031857 0.0129011 -0.0126162 -0.0138222 -0.0132596 -0.0185575 0.0065909 -0.0409766 -0.0065344 0.0188151 0.0060357 -0.0186165 0.0088633 0.0032747 -0.0175436 -0.0060520 0.0152550 -0.0276521 -0.0008351 0.0178016 -0.0343865 -0.0130358 -0.0033595 -0.0020125 0.0016507 -0.0233104 -0.0125310 0.0045423 -0.0120558 -0.0311568 -0.0074153 -0.0171523 0.0300366 -0.0258029 -0.0042429 -0.0106307 -0.0176732 -0.0076819 -0.0141356 0.0061781 -0.0073059 0.0087158 -0.0361050 0.0148217 -0.0296275 -0.0275390 -0.0118404 -0.0142352 -0.0132598 -0.0184970 -0.0081855 -0.0166576 -0.0105359 -0.0039603 -0.0177912 0.0175516 -0.0318525 0.0177103 0.0037292 -0.0032019 -0.0132905
-0.0262405 -0.0453292 -0.0160932 -0.0107979 -0.0174099 -0.0094341 -0.0059351 -0.0040242 -0.0100661 0.6523706 0.0082673 0.0049513 -0.0084103 -0.0082413 -0.0130974 -0.0028833 -0.0066376 0.0084313 -0.0016890 -0.0056752 -0.0015802 -0.0026193 -0.0003480 -0.0135299 -0.0083228 0.0110292 0.0146737 -0.0109427 0.0038324 -0.0044824 0.0130260 0.0005800 -0.0086320 -0.0062314 -0.0135705 -0.0115198 -0.0026919 -0.0049896 -0.0123164 -0.0105673 -0.0256496 -0.0193438 -0.0027320 -0.0048927 -0.0066227 -0.0143278 -0.0456414 -0.0045286 -0.0056611 -0.0037161 -0.0097410 0.0036663 -0.0032875 0.0037898 -0.0004938 -0.0107126 0.0052396 -0.0054714 0.0006929 -0.0070318 -0.0044099 -0.0100458 0.0089540 -0.0046462 -0.0090658 -0.0005074 -0.0028602 -0.0079422 0.0062185 -0.0017750 0.0056965 0.0051024 -0.0220731 -0.0448746 -0.0115589 -0.0095651 0.0051175 -0.0266234
-0.0167440 -0.0382105 -0.0897126 -0.0392423 0.0226046 0.0094995 0.0013490 -0.0476299 -0.0157227 0.0082673 0.7376303 0.0097969 0.0031854 -0.0066170 -0.0504185 -0.0156388 -0.0037168 -0.0014914 -0.0090248 0.0012639 -0.0199500 -0.0140925 -0.0336087 -0.0092905 -0.0635452 0.0904174 0.0325616 -0.0221341 -0.0026856 -0.0137204 0.0030728 -0.0160303 0.0322682 -0.0237650 -0.0101163 -0.0118565 -0.0108572 -0.0471904 -0.0206129 -0.0207490 -0.0296970 0.0356319 -0.0364291 0.0210178 -0.0170700 0.0374752 -0.0379711 0.0136869 0.0289001 -0.0014788 -0.0253611 -0.0012862 -0.0187954 -0.0241381 -0.0146535 -0.0313774 -0.0137794 -0.0048683 -0.0159314 -0.0497057 0.0041427 -0.0436564 0.0077184 -0.0222449 -0.0040566 -0.0182764 -0.0249292 -0.0203217 -0.0149557 -0.0032509 0.0014858 -0.0114362 0.0009287 -0.0376116 0.0123016 -0.0177293 0.0495889 -0.0183957
-0.0090457 -0.0408569 -0.0779621 -0.0193957 -0.0048838 -0.0279085 0.0139046 -0.0437498 0.0123392 0.0049513 0.0097969 0.6887606 0.0041235 -0.0058215 -0.0374984 0.0201228 0.0265676 0.0071883 0.0006941 0.0188336 -0.0190518 0.0022939 -0.0289935 0.0059438 -0.0550718 0.0134983 -0.0107518 0.0120378 -0.0122016 -0.0129730 0.0214479 -0.0086588 -0.0116348 0.0175261 -0.0081210 -0.0112113 0.0047569 -0.0403938 -0.0066916 -0.0099768 -0.0162659 -0.0012457 -0.0231415 -0.0139206 -0.0127094 -0.0073658 -0.0409992 0.0188022 -0.0077198 -0.0163717 -0.0168853 -0.0105387 -0.0103343 -0.0231789 -0.0110168 -0.0170197 -0.0091698 -0.0024054 0.0236647 -0.0375919 0.0079990 -0.0420885 -0.0072088 -0.0157059 -0.0090904 0.0068941 -0.0159177 -0.0149716 -0.0142721 -0.0058365 0.0141697 0.0061191 0.0082643 -0.0418756 -0.0080761 -0.0127279 0.0009715 -0.0157045
0.0137766 -0.0085868 -0.0620025 -0.0199377 -0.0074836 -0.0129022 0.0005622 -0.0391606 0.0032903 -0.0084103 0.0031854 0.0041235 0.6643388 0.0047972 -0.0283039 0.0033030 0.0086057 -0.0149045 0.0028328 0.0289859 -0.0318682 0.0108099 -0.0215743 -0.0082061 -0.0393959 -0.0060137 -0.0189231 0.0042392 -0.0092587 -0.0227746 0.0065399 -0.0129090 -0.0162363 0.0055700 -0.0038452 -0.0203591 -0.0055443 -0.0275332 0.0089827 -0.0011735 -0.0074361 -0.0124891 -0.0295930 -0.0146490 -0.0063117 -0.0064840 -0.0085743 -0.0017869 -0.0104245 0.0056417 -0.0093964 -0.0162687 -0.0117170 -0.0269694 -0.0027279 -0.0248493 -0.0000777 -0.0131202 -0.0133261 -0.0341859 -0.0094935 -0.0326570 -0.0194547 -0.0158422 0.0120268 0.0106598 -0.0053721 -0.0264214 -0.0012907 -0.0114453 -0.0016231 0.0055279 -0.0047973 -0.0087071 0.0027313 0.0042642 0.0012507 0.0118197
-0.0202919 -0.0243563 -0.0035735 -0.0048987 -0.0177473 -0.0142124 -0.0047716 0.0014319 -0.0114910 -0.0082413 -0.0066170 -0.0058215 0.0047972 0.6285610 0.0031997 0.0036804 0.0126937 -0.0028747 -0.0081346 -0.0117157 -0.0061683 -0.0069734 -0.0012062 -0.0136846 0.0010687 -0.0086926 -0.0169345 -0.0060786 -0.0094381 -0.0029288 -0.0023470 -0.0047348 -0.0105533 0.0008519 -0.0005981 -0.0044948 -0.0026892 -0.0017735 -0.0003838 -0.0101417 -0.0125597 -0.0105586 -0.0026314 -0.0098673 -0.0036281 -0.0097318 -0.0242761 0.0011550 -0.0150776 -0.0032228 0.0001863 -0.0074363 -0.0062915 -0.0029102 -0.0073992 -0.0074199 -0.0089195 -0.0066604 -0.0077199 0.0033675 -0.0093406 -0.0020004 0.0011644 0.0041862 -0.0000786 -0.0045475 0.0025679 -0.0069707 -0.0057006 -0.0030464 -0.0028671 -0.0075894 0.0010389 -0.0242911 -0.0161826 -0.0042615 -0.0047401 -0.0197728
-0.0781313 -0.0940027 0.2565575 0.0365043 -0.0272243 -0.0487259 -0.0005584 0.1194476 -0.0356056 -0.0130974 -0.0504185 -0.0374984 -0.0283039 0.0031997 0.5167554 -0.0228197 -0.0268687 -0.0271837 -0.0296885 -0.0492503 0.0325482 -0.0227173 0.0719962 -0.0365546 0.1453128 -0.0362531 -0.0325132 -0.0174786 -0.0207066 -0.0123439 -0.0232077 0.0138480 -0.0508914 -0.0339144 -0.0010264 0.0001137 -0.0171022 0.1068746 -0.0044944 0.0157985 -0.0065834 -0.0329822 0.0960726 -0.0058457 0.0120129 -0.0192790 -0.0936263 -0.0316496 -0.0203122 -0.0302074 0.0446544 -0.0136950 0.0298629 0.0318544 0.0065178 0.0366787 -0.0041488 0.0060548 -0.0151654 0.1174295 -0.0342472 0.0987007 0.0449823 0.0459233 0.0045362 -0.0365681 0.0304023 0.0456818 0.0093839 0.0139410 -0.0221361 -0.0390158 -0.0756664 -0.0881587 -0.0482232 -0.0068384 -0.0375920 -0.0661001
-0.0244463 -0.0223157 -0.0416302 -0.0165446 -0.0200428 0.0046172 0.0038488 -0.0240713 -0.0066109 -0.0028833 -0.0156388 0.0201228 0.0033030 0.0036804 -0.0228197 0.6686713 -0.0002901 0.0220168 -0.0127688 0.0123576 -0.0112871 -0.0027329 -0.0142158 -0.0021761 -0.0235994 -0.0118430 -0.0214272 -0.0023448 -0.0122957 -0.0263179 0.0079897 -0.0039247 -0.0103341 0.0179016 -0.0140489 0.0007792 -0.0010205 -0.0223181 -0.0049134 -0.0082891 -0.0062723 0.0134785 -0.0152816 -0.0037438 -0.0101387 -0.0059556 -0.0221748 -0.0011257 -0.0150190 -0.0228315 -0.0006632 -0.0196567 -0.0096662 -0.0078490 -0.0063651 -0.0066730 -0.0177911 -0.0067789 0.0094249 -0.0196948 -0.0112751 -0.0200253 -0.0019994 -0.0118543 -0.0064515 -0.0023071 -0.0164716 -0.0138821 -0.0037577 0.0078519 -0.0030480 -0.0050031 0.0276606 -0.0198950 -0.0085932 0.0031085 -0.0113532 -0.0257621
-0.0073117 -0.0299811 -0.0690250 -0.0243913 -0.0146554 -0.0107401 -0.0021242 -0.0357870 -0.0004856 -0.0066376 -0.0037168 0.0265676 0.0086057 0.0126937 -0.0268687 -0.0002901 0.6595415 0.0104888 0.0076024 0.0214938 -0.0241554 0.0053921 -0.0257724 0.0008002 -0.0467662 0.0018485 -0.0081022 -0.0007223 0.0044987 -0.0029151 0.0140694 -0.0162725 -0.0040837 0.0158083 -0.0151506 -0.0091806 -0.0201283 -0.0369045 0.0044963 -0.0032420 -0.0094357 -0.0122950 -0.0279770 -0.0064852 -0.0087302 -0.0043050 -0.0305734 0.0219841 -0.0096502 0.0036246 -0.0112691 -0.0027817 -0.0244636 -0.0233898 -0.0021430 -0.0263010 -0.0011915 -0.0077001 -0.0055055 -0.0297404 -0.0013696 -0.0356352 -0.0176227 -0.0103779 -0.0036690 0.0133960 -0.0255390 -0.0095125 -0.0015109 -0.0196342 0.0093714 0.0054206 -0.0019957 -0.0299449 0.0056308 -0.0059564 0.0061386 -0.0129735
-0.0090161 -0.0265145 -0.0591087 -0.0244483 -0.0012962 0.0132753 -0.0142698 -0.0335501 -0.0031857 0.0084313 -0.0014914 0.0071883 -0.0149045 -0.0028747 -0.0271837 0.0220168 0.0104888 0.6621749 -0.0074051 0.0062225 -0.0095998 -0.0079062 -0.0329925 -0.0086012 -0.0386514 0.0083049 -0.0132653 0.0039945 -0.0091749 -0.0166593 -0.0059592 -0.0092922 0.0119906 0.0047461 -0.0103771 0.0018084 -0.0162024 -0.0350963 -0.0109608 -0.0112432 -0.0149386 0.0184098 -0.0230168 -0.0006147 -0.0169872 -0.0106841 -0.0270429 0.0083238 -0.0112121 -0.0099176 -0.0019121 0.0222482 -0.0179108 -0.0296310 -0.0006334 -0.0041113 -0.0047951 0.0061816 -0.0058275 -0.0359606 -0.0023076 -0.0303532 -0.0148271 -0.0118033 -0.0082666 -0.0035849 -0.0157715 -0.0146407 -0.0008510 -0.0021359 0.0110892 -0.0071866 0.0370972 -0.0290958 -0.0125645 -0.0147713 0.0052635 -0.0106724
-0.0118408 -0.0395554 -0.0510834 -0.0092574 -0.0087245 0.0133832 0.0000606 -0.0227962 0.0129011 -0.0016890 -0.0090248 0.0006941 0.0028328 -0.0081346 -0.0296885 -0.0127688 0.0076024 -0.0074051 0.6766479 -0.0005331 -0.0086961 -0.0193876 -0.0182393 0.0367013 -0.0320092 -0.0117932 0.0014688 0.0017120 -0.0139249 0.0080600 -0.0104435 -0.0150147 -0.0095211 -0.0101209 -0.0124441 -0.0162057 0.0064441 -0.0172793 -0.0101657 -0.0023969 -0.0034229 -0.0014801 -0.0243541 -0.0175488 -0.0074119 -0.0139349 -0.0393878 0.0085342 0.0037276 0.0103982 -0.0194154 0.0061012 -0.0074878 -0.0057577 -0.0086054 -0.0064548 0.0091941 -0.0076091 0.0024473 -0.0284815 0.0244869 -0.0216735 -0.0175083 -0.0129779 -0.0325266 0.0147984 -0.0133540 -0.0052244 -0.0049813 -0.0251927 0.0097245 -0.0041256 -0.0126659 -0.0403627 -0.0027772 -0.0001871 -0.0001023 -0.0129270
0.0145600 -0.0207796 -0.0957207 -0.0332716 -0.0183406 0.0361566 0.0215121 -0.0522271 -0.0126162 -0.0056752 0.0012639 0.0188336 0.0289859 -0.0117157 -0.0492503 0.0123576 0.0214938 0.0062225 -0.0005331 0.7169928 -0.0297435 0.0130740 -0.0322280 0.0195700 -0.0722467 -0.0003143 -0.0239406 0.0040288 -0.0075681 -0.0103906 0.0166077 -0.0014739 -0.0142954 -0.0050311 -0.0158946 0.0007979 -0.0066719 -0.0506771 -0.0078138 -0.0081053 -0.0211585 -0.0012387 -0.0440266 0.0017974 -0.0113258 -0.0073526 -0.0209188 0.0149639 -0.0054285 -0.0058658 -0.0162247 -0.0225956 -0.0306048 -0.0257777 -0.0140249 -0.0117801 -0.0113027 -0.0154598 -0.0054508 -0.0504179 0.0043646 -0.0483408 -0.0291597 -0.0195720 0.0013267 0.0286694 -0.0218368 -0.0263317 -0.0110329 -0.0181829 0.0119052 0.0038149 0.0296874 -0.0216930 -0.0051007 -0.0156633 -0.0049942 0.0085735
-0.0524895 -0.0564142 0.0758774 0.0105221 -0.0083644 -0.0298830 -0.0054164 0.0432554 -0.0138222 -0.0015802 -0.0199500 -0.0190518 -0.0318682 -0.0061683 0.0325482 -0.0112871 -0.0241554 -0.0095998 -0.0086961 -0.0297435 0.6171107 -0.0052249 0.0233845 -0.0007893 0.0501375 -0.0120983 -0.0022320 -0.0136912 -0.0256188 0.0027975 -0.0084013 0.0053506 -0.0186590 -0.0183196 -0.0014317 0.0004847 -0.0036817 0.0408252 -0.0026719 0.0085566 0.0039436 -0.0157345 0.0342119 -0.0072709 0.0082999 -0.0193790 -0.0561678 -0.0161295 -0.0096606 -0.0101777 0.0159782 0.0014537 0.0166541 0.0167028 -0.0040744 0.0224259 0.0084351 -0.0018663 0.0044784 0.0413407 -0.0020689 0.0427941 0.0089425 0.0124098 -0.0066785 -0.0087349 0.0091213 0.0213351 -0.0026224 0.0010584 -0.0096810 -0.0275427 -0.0421695 -0.0538373 -0.0248560 0.0040441 -0.0302889 -0.0484285
-0.0064977 -0.0094344 -0.0380143 -0.0037614 0.0047399 -0.0194534 -0.0069097 -0.0241460 -0.0132596 -0.0026193 -0.0140925 0.0022939 0.0108099 -0.0069734 -0.0227173 -0.0027329 0.0053921 -0.0079062 -0.0193876 0.0130740 -0.0052249 0.6455076 -0.0130192 -0.0087644 -0.0251952 -0.0088382 -0.0199122 0.0045102 0.0106128 -0.0246411 -0.0022963 -0.0105211 -0.0101783 0.0118647 0.0161294 -0.0190995 -0.0205910 -0.0208596 0.0157645 -0.0096914 -0.0233568 -0.0186362 -0.0129025 0.0036020 -0.0130063 0.0026924 -0.0102583 -0.0113551 0.0036302 -0.0180620 -0.0081901 -0.0043548 -0.0145102 -0.0219369 -0.0058867 -0.0152182 -0.0095805 -0.0113972 -0.0200165 -0.0221209 0.0084478 -0.0163255 -0.0171798 -0.0045400 -0.0017709 0.0002349 -0.0153807 -0.0148414 0.0069601 -0.0092503 -0.0038237 0.0241970 -0.0006766 -0.0095366 0.0347274 -0.0109547 -0.0145621 -0.0089261
-0.0629136 -0.0742025 0.1408067 0.0273553 -0.0228166 -0.0318592 -0.0035778 0.0764839 -0.0185575 -0.0003480 -0.0336087 -0.0289935 -0.0215743 -0.0012062 0.0719962 -0.0142158 -0.0257724 -0.0329925 -0.0182393 -0.0322280 0.0233845 -0.0130192 0.6079167 -0.0224168 0.0904248 -0.0275540 -0.0208106 -0.0077761 -0.0191675 0.0062450 -0.0196486 0.0141730 -0.0244030 -0.0213372 0.0001233 0.0128357 -0.0015148 0.0684384 -0.0041351 0.0145699 -0.0014857 -0.0105299 0.0625980 -0.0030876 0.0084429 -0.0143598 -0.0741084 -0.0296664 -0.0157314 -0.0163710 0.0277284 -0.0115009 0.0254615 0.0246556 -0.0008087 0.0253516 0.0033503 0.0045082 -0.0061050 0.0747783 -0.0166412 0.0672157 0.0286809 0.0367665 0.0003658 -0.0352786 0.0210229 0.0346277 0.0030029 0.0035241 -0.0146155 -0.0358919 -0.0514872 -0.0702927 -0.0417101 0.0004706 -0.0308718 -0.0551618
-0.0059582 -0.0598511 -0.0541784 -0.0178769 -0.0188300 0.0079696 0.0138829 -0.0209558 0.0065909 -0.0135299 -0.0092905 0.0059438 -0.0082061 -0.0136846 -0.0365546 -0.0021761 0.0008002 -0.0086012 0.0367013 0.0195700 -0.0007893 -0.0087644 -0.0224168 0.6784480 -0.0355273 0.0031004 -0.0046256 0.0127280 -0.0102627 0.0098727 -0.0053858 -0.0220966 -0.0058639 -0.0021649 -0.0088711 -0.0074717 0.0036671 -0.0213866 0.0073564 -0.0069350 -0.0067059 -0.0030502 -0.0245498 -0.0128075 -0.0044630 -0.0057799 -0.0598070 0.0113276 -0.0109859 0.0172440 -0.0219057 -0.0022209 -0.0035169 -0.0154481 -0.0063157 -0.0035970 0.0030754 -0.0021220 -0.0034089 -0.0268544 0.0261155 -0.0248543 -0.0165745 -0.0116713 -0.0156327 0.0108493 -0.0192030 -0.0076349 -0.0054157 -0.0142201 0.0059483 0.0071168 -0.0194883 -0.0594804 -0.0031864 -0.0094136 -0.0011442 -0.0060197
-0.1264737 -0.0786182 0.2680811 0.0498403 -0.0246141 -0.0547491 -0.0062124 0.1380824 -0.0409766 -0.0083228 -0.0635452 -0.0550718 -0.0393959 0.0010687 0.1453128 -0.0235994 -0.0467662 -0.0386514 -0.0320092 -0.0722467 0.0501375 -0.0251952 0.0904248 -0.0355273 0.5935324 -0.0479029 -0.0280589 -0.0193438 -0.0326123 0.0028826 -0.0325720 0.0240639 -0.0552621 -0.0349642 -0.0026968 0.0065871 -0.0162624 0.1299982 -0.0070531 0.0263047 0.0056351 -0.0289339 0.1142554 0.0017643 0.0270525 -0.0280035 -0.0782713 -0.0495438 -0.0189988 -0.0301730 0.0554218 -0.0051969 0.0558103 0.0578588 0.0138144 0.0564461 -0.0019838 0.0129801 -0.0095386 0.1395827 -0.0348745 0.1295087 0.0570453 0.0537229 -0.0039337 -0.0369191 0.0452471 0.0582898 0.0094102 0.0280393 -0.0249401 -0.0559897 -0.0900437 -0.0721165 -0.0659621 -0.0005547 -0.0523930 -0.1111033
-0.0117434 -0.0500392 -0.0639144 -0.0209045 0.0033244 -0.0113154 -0.0005335 -0.0367132 -0.0065344 0.0110292 0.0904174 0.0134983 -0.0060137 -0.0086926 -0.0362531 -0.0118430 0.0018485 0.0083049 -0.0117932 -0.0003143 -0.0120983 -0.0088382 -0.0275540 0.0031004 -0.0479029 0.6886081 0.0236019 -0.0009289 -0.0000874 -0.0201026 -0.0051837 -0.0121286 0.0116362 -0.0144770 -0.0184323 -0.0105051 -0.0129944 -0.0384151 -0.0112399 -0.0114957 -0.0147073 0.0062589 -0.0233458 0.0054614 -0.0106612 0.0220496 -0.0502935 0.0081422 0.0211089 -0.0072551 -0.0116371 -0.0143501 -0.0172919 -0.0328013 -0.0133948 -0.0163391 -0.0028986 -0.0098694 -0.0039829 -0.0392130 -0.0100457 -0.0357458 -0.0035102 -0.0164505 0.0018350 -0.0120156 -0.0156150 -0.0234764 -0.0061435 -0.0121396 0.0138891 -0.0115514 0.0099309 -0.0496198 0.0042460 -0.0034989 0.0534825 -0.0135427
-0.0082143 -0.0265840 -0.0511040 -0.0231674 0.0172729 -0.0108095 -0.0132457 -0.0217203 0.0188151 0.0146737 0.0325616 -0.0107518 -0.0189231 -0.0169345 -0.0325132 -0.0214272 -0.0081022 -0.0132653 0.0014688 -0.0239406 -0.0022320 -0.0199122 -0.0208106 -0.0046256 -0.0280589 0.0236019 0.7130752 -0.0059789 0.0059867 -0.0009441 -0.0086813 -0.0099346 0.0033456 -0.0154813 -0.0031320 0.0007493 -0.0022062 -0.0250740 -0.0265603 -0.0071714 0.0176871 -0.0080327 -0.0209261 -0.0181166 0.0082043 -0.0062999 -0.0268627 -0.0040930 0.0189895 0.0065980 -0.0195103 -0.0122362 -0.0117976 -0.0097168 -0.0082553 -0.0132189 0.0068946 -0.0117988 -0.0018665 -0.0261056 0.0062582 -0.0192147 -0.0127092 -0.0224299 -0.0158742 -0.0205569 -0.0101544 -0.0194907 -0.0165281 -0.0086460 -0.0089256 -0.0139132 -0.0247421 -0.0269118 0.0029563 -0.0037076 0.0462374 -0.0094006
-0.0141737 -0.0298955 -0.0296039 -0.0011972 0.0088739 -0.0139879 -0.0058454 -0.0204334 0.0060357 -0.0109427 -0.0221341 0.0120378 0.0042392 -0.0060786 -0.0174786 -0.0023448 -0.0007223 0.0039945 0.0017120 0.0040288 -0.0136912 0.0045102 -0.0077761 0.0127280 -0.0193438 -0.0009289 -0.0059789 0.6339282 -0.0111595 0.0077488 0.0025583 -0.0077848 -0.0311877 -0.0036241 -0.0024354 -0.0143641 0.0029500 -0.0181276 -0.0007212 0.0040819 -0.0194915 -0.0172924 -0.0141681 0.0067476 0.0040070 -0.0244223 -0.0297257 -0.0048121 -0.0146526 -0.0084955 -0.0071980 0.0036345 0.0001268 -0.0147258 -0.0156402 -0.0010776 -0.0011218 -0.0138267 0.0027681 -0.0166171 0.0010985 -0.0123499 -0.0119681 -0.0096435 -0.0094735 -0.0031391 -0.0016191 -0.0046171 -0.0015486 -0.0056811 -0.0037102 -0.0029343 -0.0017793 -0.0307039 -0.0025007 0.0044655 -0.0088958 -0.0163349
0.0045322 0.0110792 -0.0459231 -0.0036127 -0.0037608 0.0161697 -0.0132127 -0.0250447 -0.0186165 0.0038324 -0.0026856 -0.0122016 -0.0092587 -0.0094381 -0.0207066 -0.0122957 0.0044987 -0.0091749 -0.0139249 -0.0075681 -0.0256188 0.0106128 -0.0191675 -0.0102627 -0.0326123 -0.0000874 0.0059867 -0.0111595 0.6655709 -0.0179396 -0.0145605 -0.0109322 0.0242915 -0.0162229 0.0121223 -0.0071948 -0.0063147 -0.0308081 0.0071741 -0.0173465 -0.0088952 -0.0191874 -0.0249403 -0.0303002 -0.0175020 -0.0004918 0.0112887 -0.0026025 0.0078555 -0.0053172 -0.0158249 -0.0119864 -0.0036720 -0.0184971 -0.0095216 -0.0297897 -0.0162049 -0.0013704 -0.0178197 -0.0280282 -0.0150522 -0.0279928 -0.0111231 -0.0084790 -0.0172707 0.0083807 -0.0136377 -0.0303027 -0.0035058 -0.0061217 -0.0141979 0.0320833 -0.0070724 0.0073034 0.0255239 -0.0155687 0.0108780 0.0021481
-0.0062609 -0.0567250 -0.0016729 -0.0008805 0.0013199 -0.0001926 -0.0105796 0.0014566 0.0088633 -0.0044824 -0.0137204 -0.0129730 -0.0227746 -0.0029288 -0.0123439 -0.0263179 -0.0029151 -0.0166593 0.0080600 -0.0103906 0.0027975 -0.0246411 0.0062450 0.0098727 0.0028826 -0.0201026 -0.0009441 0.0077488 -0.0179396 0.6452561 -0.0149794 -0.0069488 -0.0025184 0.0039718 -0.0062707 0.0071514 0.0030096 0.0019400 0.0018764 0.0036616 0.0006738 -0.0002968 -0.0051592 -0.0169071 0.0016127 -0.0216832 -0.0568210 -0.0032317 -0.0099466 -0.0027353 -0.0098511 -0.0008124 -0.0034555 -0.0015780 -0.0122535 -0.0062317 0.0096617 0.0013000 0.0098134 0.0058560 0.0010545 0.0062328 -0.0122072 -0.0070718 -0.0212286 0.0099069 -0.0075949 0.0064495 -0.0085877 -0.0168104 -0.0026205 -0.0117258 -0.0067277 -0.0561042 -0.0105769 -0.0024306 -0.0033927 -0.0062725
-0.0142500 -0.0391265 -0.0505282 -0.0202745 -0.0111351 -0.0167374 -0.0001798 -0.0201030 0.0032747 0.0130260 0.0030728 0.0214479 0.0065399 -0.0023470 -0.0232077 0.0079897 0.0140694 -0.0059592 -0.0104435 0.0166077 -0.0084013 -0.0022963 -0.0196486 -0.0053858 -0.0325720 -0.0051837 -0.0086813 0.0025583 -0.0145605 -0.0149794 0.6715662 -0.0029282 -0.0012428 0.0014050 -0.0146010 -0.0064865 0.0027024 -0.0256689 -0.0084754 -0.0044002 -0.0011581 -0.0099820 -0.0194292 -0.0014777 -0.0117146 0.0004560 -0.0395734 0.0003286 -0.0067387 0.0069013 -0.0084646 -0.0147214 -0.0085770 -0.0119639 -0.0030654 -0.0216617 -0.0053711 -0.0054876 0.0049219 -0.0236123 -0.0047323 -0.0191057 -0.0088052 -0.0099299 -0.0091840 0.0134711 -0.0072259 0.0014403 -0.0045223 -0.0075438 0.0005648 0.0013046 -0.0091372 -0.0393643 -0.0143628 -0.0028656 0.0031909 -0.0182804
-0.0234716 -0.0631406 0.0335706 -0.0018037 -0.0131754 -0.0167426 0.0045945 0.0216172 -0.0175436 0.0005800 -0.0160303 -0.0086588 -0.0129090 -0.0047348 0.0138480 -0.0039247 -0.0162725 -0.0092922 -0.0150147 -0.0014739 0.0053506 -0.0105211 0.0141730 -0.0220966 0.0240639 -0.0121286 -0.0099346 -0.0077848 -0.0109322 -0.0069488 -0.0029282 0.6319878 -0.0031428 -0.0287458 0.0037516 0.0052093 0.0026947 0.0175614 -0.0079625 -0.0064438 -0.0146878 -0.0036703 0.0182726 0.0087012 -0.0006222 -0.0069868 -0.0631347 0.0122558 -0.0175276 0.0120084 0.0053882 0.0073997 0.0052746 0.0066086 -0.0011271 0.0079964 -0.0156073 0.0024565 0.0015536 0.0185268 -0.0205635 0.0152554 -0.0003613 0.0017738 0.0142414 -0.0220484 0.0055357 0.0088883 0.0104342 -0.0058437 -0.0131914 -0.0190315 -0.0007369 -0.0609886 -0.0263833 -0.0091050 -0.0140513 -0.0194729
0.0051109 -0.0171749 -0.0792327 -0.0261330 0.0029096 0.0446323 -0.0127259 -0.0414964 -0.0060520 -0.0086320 0.0322682 -0.0116348 -0.0162363 -0.0105533 -0.0508914 -0.0103341 -0.0040837 0.0119906 -0.0095211 -0.0142954 -0.0186590 -0.0101783 -0.0244030 -0.0058639 -0.0552621 0.0116362 0.0033456 -0.0311877 0.0242915 -0.0025184 -0.0012428 -0.0031428 0.7331525 -0.0180471 -0.0021950 -0.0015097 -0.0086645 -0.0367405 0.0037418 -0.0221591 -0.0119505 0.0085977 -0.0351249 -0.0113417 -0.0248732 0.0209788 -0.0168247 0.0073016 -0.0060257 0.0030079 -0.0279397 0.0147318 -0.0326440 -0.0211930 -0.0113318 -0.0273703 -0.0142417 0.0007611 -0.0138261 -0.0443502 -0.0086735 -0.0404314 -0.0245699 -0.0211452 -0.0017239 -0.0189435 -0.0163793 -0.0235016 -0.0103681 -0.0019912 0.0013126 0.0052966 0.0407467 -0.0186680 0.0044426 -0.0137153 0.0190924 0.0000889
-0.0016887 -0.0129403 -0.0587094 -0.0166954 -0.0155629 0.0026350 -0.0050747 -0.0250623 0.0152550 -0.0062314 -0.0237650 0.0175261 0.0055700 0.0008519 -0.0339144 0.0179016 0.0158083 0.0047461 -0.0101209 -0.0050311 -0.0183196 0.0118647 -0.0213372 -0.0021649 -0.0349642 -0.0144770 -0.0154813 -0.0036241 -0.0162229 0.0039718 0.0014050 -0.0287458 -0.0180471 0.6946223 0.0034905 -0.0110288 -0.0006862 -0.0265742 -0.0021823 0.0014216 -0.0042433 0.0010591 -0.0216210 -0.0214998 -0.0044501 -0.0028262 -0.0124980 -0.0057068 -0.0108175 -0.0049575 -0.0143158 -0.0089839 -0.0149485 -0.0177724 0.0043203 -0.0071277 -0.0019116 -0.0034738 0.0044206 -0.0327867 -0.0056592 -0.0258788 -0.0189029 -0.0237135 -0.0187527 -0.0132053 -0.0214121 -0.0182664 -0.0109304 -0.0163486 -0.0075200 0.0009046 0.0079624 -0.0125533 0.0178710 -0.0089763 -0.0066941 -0.0036625
-0.0071868 -0.0159095 -0.0079890 0.0036139 -0.0032218 -0.0184223 -0.0199737 0.0003841 -0.0276521 -0.0135705 -0.0101163 -0.0081210 -0.0038452 -0.0005981 -0.0010264 -0.0140489 -0.0151506 -0.0103771 -0.0124441 -0.0158946 -0.0014317 0.0161294 0.0001233 -0.0088711 -0.0026968 -0.0184323 -0.0031320 -0.0024354 0.0121223 -0.0062707 -0.0146010 0.0037516 -0.0021950 0.0034905 0.6430902 0.0051673 -0.0062956 -0.0014869 0.0156772 -0.0043386 -0.0176383 0.0068767 0.0012397 -0.0147881 -0.0068863 -0.0090219 -0.0153501 -0.0119533 -0.0069807 -0.0148739 0.0018459 -0.0100674 0.0066728 -0.0096886 -0.0054061 -0.0071894 -0.0190573 -0.0095797 -0.0036501 -0.0042445 -0.0096252 0.0000942 0.0001754 -0.0029387 -0.0092724 -0.0195666 0.0037724 -0.0028763 0.0033740 -0.0117823 -0.0175312 0.0108988 -0.0289289 -0.0149049 0.0004024 -0.0047549 -0.0164110 -0.0080224
-0.0285435 -0.0416364 0.0057069 -0.0002876 -0.0192071 0.0024157 -0.0003658 0.0084902 -0.0008351 -0.0115198 -0.0118565 -0.0112113 -0.0203591 -0.0044948 0.0001137 0.0007792 -0.0091806 0.0018084 -0.0162057 0.0007979 0.0004847 -0.0190995 0.0128357 -0.0074717 0.0065871 -0.0105051 0.0007493 -0.0143641 -0.0071948 0.0071514 -0.0064865 0.0052093 -0.0015097 -0.0110288 0.0051673 0.6535838 0.0073100 0.0057107 -0.0106125 0.0033517 -0.0004312 0.0153566 0.0066133 -0.0091176 -0.0011054 -0.0189226 -0.0424171 -0.0178560 -0.0205243 -0.0003945 0.0006303 -0.0147737 0.0016222 -0.0045122 -0.0134374 0.0041650 0.0019550 -0.0120754 0.0048714 0.0067079 -0.0045695 0.0089623 -0.0048660 -0.0045658 -0.0079394 -0.0076700 -0.0021938 0.0107297 -0.0076292 -0.0080526 -0.0009862 -0.0203458 -0.0064253 -0.0421224 -0.0244710 -0.0052650 -0.0044163 -0.0263994
0.0125697 -0.0381394 -0.0265012 -0.0055840 -0.0043353 -0.0169041 -0.0113719 -0.0107800 0.0178016 -0.0026919 -0.0108572 0.0047569 -0.0055443 -0.0026892 -0.0171022 -0.0010205 -0.0201283 -0.0162024 0.0064441 -0.0066719 -0.0036817 -0.0205910 -0.0015148 0.0036671 -0.0162624 -0.0129944 -0.0022062 0.0029500 -0.0063147 0.0030096 0.0027024 0.0026947 -0.0086645 -0.0006862 -0.0062956 0.0073100 0.6622330 -0.0098463 -0.0056655 -0.0074027 -0.0088658 0.0031920 -0.0187503 -0.0074889 -0.0079509 -0.0144722 -0.0379539 -0.0154522 -0.0179556 -0.0082063 -0.0096386 -0.0174228 -0.0019890 -0.0131740 -0.0208250 0.0001008 -0.0043054 -0.0057803 0.0100863 -0.0104962 0.0032813 -0.0101320 -0.0067273 -0.0058128 -0.0015804 -0.0054469 -0.0071988 -0.0089091 -0.0085547 -0.0115237 -0.0033781 -0.0143609 -0.0170953 -0.0362204 0.0079399 -0.0054961 -0.0002628 0.0088117
-0.1002310 -0.0740139 0.2011457 0.0358862 -0.0232293 -0.0435559 -0.0043873 0.1071070 -0.0343865 -0.0049896 -0.0471904 -0.0403938 -0.0275332 -0.0017735 0.1068746 -0.0223181 -0.0369045 -0.0350963 -0.0172793 -0.0506771 0.0408252 -0.0208596 0.0684384 -0.0213866 0.1299982 -0.0384151 -0.0250740 -0.0181276 -0.0308081 0.0019400 -0.0256689 0.0175614 -0.0367405 -0.0265742 -0.0014869 0.0057107 -0.0098463 0.5995743 -0.0058180 0.0234656 0.0000667 -0.0231961 0.0901943 0.0025790 0.0172413 -0.0229746 -0.0738139 -0.0369915 -0.0140111 -0.0252437 0.0371290 -0.0095125 0.0444528 0.0418296 0.0135655 0.0438672 -0.0031614 0.0057881 -0.0050270 0.1053385 -0.0218534 0.0966348 0.0393727 0.0374001 -0.0082383 -0.0348293 0.0337625 0.0460595 0.0018288 0.0217045 -0.0143177 -0.0390689 -0.0735041 -0.0682900 -0.0507309 0.0047628 -0.0401324 -0.0885829
-0.0133545 -0.0211718 -0.0204964 0.0035518 -0.0192312 -0.0107381 -0.0100233 -0.0143537 -0.0130358 -0.0123164 -0.0206129 -0.0066916 0.0089827 -0.0003838 -0.0044944 -0.0049134 0.0044963 -0.0109608 -0.0101657 -0.0078138 -0.0026719 0.0157645 -0.0041351 0.0073564 -0.0070531 -0.0112399 -0.0265603 -0.0007212 0.0071741 0.0018764 -0.0084754 -0.0079625 0.0037418 -0.0021823 0.0156772 -0.0106125 -0.0056655 -0.0058180 0.6308273 -0.0094325 -0.0081225 -0.0242907 -0.0050587 -0.0227284 -0.0071688 0.0088846 -0.0206732 -0.0178329 0.0029231 -0.0095716 -0.0053106 -0.0080213 -0.0114686 -0.0136333 -0.0038683 -0.0104544 -0.0098043 -0.0150824 -0.0085242 -0.0079449 -0.0037341 -0.0094229 -0.0111383 -0.0064147 -0.0043697 0.0070106 -0.0076312 -0.0148253 0.0066900 -0.0101183 0.0002155 0.0163836 -0.0084987 -0.0202420 0.0072272 0.0036282 -0.0192334 -0.0132190
-0.0425151 -0.0482472 0.0395482 0.0067342 -0.0090127 0.0007010 -0.0184607 0.0240777 -0.0033595 -0.0105673 -0.0207490 -0.0099768 -0.0011735 -0.0101417 0.0157985 -0.0082891 -0.0032420 -0.0112432 -0.0023969 -0.0081053 0.0085566 -0.0096914 0.0145699 -0.0069350 0.0263047 -0.0114957 -0.0071714 0.0040819 -0.0173465 0.0036616 -0.0044002 -0.0064438 -0.0221591 0.0014216 -0.0043386 0.0033517 -0.0074027 0.0234656 -0.0094325 0.6275830 0.0018869 0.0044799 0.0183885 -0.0025031 0.0009888 -0.0251526 -0.0482763 -0.0183635 -0.0137879 -0.0092459 0.0112348 -0.0100466 0.0167718 0.0054113 -0.0109137 0.0140890 0.0000745 0.0001527 0.0087670 0.0258644 -0.0035526 0.0188489 0.0016219 0.0051697 -0.0134527 -0.0176852 -0.0000270 0.0100079 -0.0134107 -0.0122435 -0.0106711 -0.0226314 -0.0109677 -0.0454337 -0.0231184 -0.0049419 -0.0194228 -0.0390911
-0.0030516 -0.0169579 -0.0014554 0.0000547 -0.0192781 -0.0118750 -0.0051844 0.0048721 -0.0020125 -0.0256496 -0.0296970 -0.0162659 -0.0074361 -0.0125597 -0.0065834 -0.0062723 -0.0094357 -0.0149386 -0.0034229 -0.0211585 0.0039436 -0.0233568 -0.0014857 -0.0067059 0.0056351 -0.0147073 0.0176871 -0.0194915 -0.0088952 0.0006738 -0.0011581 -0.0146878 -0.0119505 -0.0042433 -0.0176383 -0.0004312 -0.0088658 0.0000667 -0.0081225 0.0018869 0.6738687 0.0084717 -0.0020378 -0.0221632 -0.0077000 -0.0189656 -0.0166650 -0.0144368 -0.0133317 0.0064235 -0.0088898 -0.0108003 0.0019990 0.0108075 0.0094614 -0.0103326 -0.0083814 -0.0076977 -0.0032953 0.0006843 0.0041656 0.0072894 -0.0064890 -0.0129838 -0.0056315 0.0118707 0.0142801 0.0020159 -0.0115383 -0.0096841 -0.0064658 -0.0266676 -0.0115310 -0.0169210 -0.0083868 -0.0050556 -0.0122719 -0.0046528
-0.0056160 -0.0428401 -0.0478203 -0.0230133 0.0008345 0.0245661 -0.0019973 -0.0179882 0.0016507 -0.0193438 0.0356319 -0.0012457 -0.0124891 -0.0105586 -0.0329822 0.0134785 -0.0122950 0.0184098 -0.0014801 -0.0012387 -0.0157345 -0.0186362 -0.0105299 -0.0030502 -0.0289339 0.0062589 -0.0080327 -0.0172924 -0.0191874 -0.0002968 -0.0099820 -0.0036703 0.0085977 0.0010591 0.0068767 0.0153566 0.0031920 -0.0231961 -0.0242907 0.0044799 0.0084717 0.7066326 -0.0258154 0.0066275 0.0014409 -0.0259608 -0.0437852 0.0024915 -0.0178590 0.0110451 -0.0120404 -0.0046068 0.0051378 -0.0178668 -0.0215702 -0.0030010 -0.0035349 -0.0069332 -0.0000502 -0.0210003 -0.0094162 -0.0189019 -0.0123464 -0.0199533 -0.0156128 -0.0197289 -0.0181133 -0.0019220 -0.0218793 -0.0150539 -0.0168479 -0.0116090 0.0214304 -0.0433433 -0.0053871 -0.0108311 0.0047015 -0.0076855
-0.0924647 -0.0777172 0.1789677 0.0303203 -0.0254754 -0.0387097 -0.0046113 0.0939620 -0.0233104 -0.0027320 -0.0364291 -0.0231415 -0.0295930 -0.0026314 0.0960726 -0.0152816 -0.0279770 -0.0230168 -0.0243541 -0.0440266 0.0342119 -0.0129025 0.0625980 -0.0245498 0.1142554 -0.0233458 -0.0209261 -0.0141681 -0.0249403 -0.0051592 -0.0194292 0.0182726 -0.0351249 -0.0216210 0.0012397 0.0066133 -0.0187503 0.0901943 -0.0050587 0.0183885 -0.0020378 -0.0258154 0.5965713 0.0002645 0.0105814 -0.0200200 -0.0775606 -0.0330573 -0.0176682 -0.0182259 0.0372568 -0.0112591 0.0346391 0.0342728 0.0065588 0.0367569 -0.0030943 0.0049626 -0.0023871 0.0961716 -0.0225040 0.0824979 0.0394636 0.0386550 -0.0029299 -0.0319326 0.0330757 0.0381217 0.0076712 0.0132047 -0.0202717 -0.0398386 -0.0600809 -0.0724088 -0.0455156 -0.0015174 -0.0308998 -0.0811482
-0.0314712 -0.0509550 0.0023308 -0.0048660 0.0030249 0.0242082 0.0012773 0.0010626 -0.0125310 -0.0048927 0.0210178 -0.0139206 -0.0146490 -0.0098673 -0.0058457 -0.0037438 -0.0064852 -0.0006147 -0.0175488 0.0017974 -0.0072709 0.0036020 -0.0030876 -0.0128075 0.0017643 0.0054614 -0.0181166 0.0067476 -0.0303002 -0.0169071 -0.0014777 0.0087012 -0.0113417 -0.0214998 -0.0147881 -0.0091176 -0.0074889 0.0025790 -0.0227284 -0.0025031 -0.0221632 0.0066275 0.0002645 0.6410853 0.0086425 -0.0202771 -0.0506431 -0.0138878 -0.0184122 0.0102899 0.0020027 0.0171118 -0.0032177 0.0028272 -0.0109567 0.0096947 -0.0024977 -0.0012425 -0.0073509 0.0013449 -0.0081152 0.0018737 0.0027764 -0.0016250 0.0134691 -0.0089245 -0.0057360 -0.0033284 -0.0051857 -0.0073915 -0.0083255 -0.0087403 0.0049614 -0.0486928 0.0127986 -0.0016786 -0.0093479 -0.0301488
-0.0288856 -0.0540011 0.0292748 -0.0025845 0.0023987 -0.0138024 -0.0086894 0.0205877 0.0045423 -0.0066227 -0.0170700 -0.0127094 -0.0063117 -0.0036281 0.0120129 -0.0101387 -0.0087302 -0.0169872 -0.0074119 -0.0113258 0.0082999 -0.0130063 0.0084429 -0.0044630 0.0270525 -0.0106612 0.0082043 0.0040070 -0.0175020 0.0016127 -0.0117146 -0.0006222 -0.0248732 -0.0044501 -0.0068863 -0.0011054 -0.0079509 0.0172413 -0.0071688 0.0009888 -0.0077000 0.0014409 0.0105814 0.0086425 0.6259583 -0.0193747 -0.0534763 -0.0176953 -0.0184959 -0.0038716 0.0041334 0.0023686 0.0001234 0.0088129 -0.0020747 0.0084359 0.0101534 -0.0037593 0.0009650 0.0200125 -0.0125665 0.0141514 0.0005555 0.0007189 -0.0101365 -0.0172117 -0.0016033 0.0093581 -0.0076892 -0.0033296 -0.0065647 -0.0156760 -0.0204992 -0.0523722 -0.0112382 0.0049529 -0.0087000 -0.0267802
0.0147445 -0.0030341 -0.0318353 -0.0095197 0.0088693 -0.0226589 -0.0142390 -0.0252208 -0.0120558 -0.0143278 0.0374752 -0.0073658 -0.0064840 -0.0097318 -0.0192790 -0.0059556 -0.0043050 -0.0106841 -0.0139349 -0.0073526 -0.0193790 0.0026924 -0.0143598 -0.0057799 -0.0280035 0.0220496 -0.0062999 -0.0244223 -0.0004918 -0.0216832 0.0004560 -0.0069868 0.0209788 -0.0028262 -0.0090219 -0.0189226 -0.0144722 -0.0229746 0.0088846 -0.0251526 -0.0189656 -0.0259608 -0.0200200 -0.0202771 -0.0193747 0.6582693 -0.0028018 -0.0009937 0.0319186 -0.0029196 -0.0119350 -0.0171624 -0.0239086 -0.0183810 -0.0033226 -0.0038613 -0.0181899 -0.0020829 -0.0317806 -0.0270169 -0.0213111 -0.0258964 0.0123567 -0.0104479 0.0027378 -0.0094300 -0.0197581 -0.0181741 0.0068247 -0.0050993 -0.0075628 0.0004866 0.0103610 -0.0021550 0.0117392 -0.0123086 0.0179666 0.0131707
-0.0169943 0.8375118 -0.1519647 -0.0181515 -0.0097597 -0.0159233 -0.0511644 -0.1007078 -0.0311568 -0.0456414 -0.0379711 -0.0409992 -0.0085743 -0.0242761 -0.0936263 -0.0221748 -0.0305734 -0.0270429 -0.0393878 -0.0209188 -0.0561678 -0.0102583 -0.0741084 -0.0598070 -0.0782713 -0.0502935 -0.0268627 -0.0297257 0.0112887 -0.0568210 -0.0395734 -0.0631347 -0.0168247 -0.0124980 -0.0153501 -0.0424171 -0.0379539 -0.0738139 -0.0206732 -0.0482763 -0.0166650 -0.0437852 -0.0775606 -0.0506431 -0.0534763 -0.0028018 0.8453883 -0.0291445 -0.0100248 -0.0568505 -0.0454271 -0.0349051 -0.0641899 -0.0260349 -0.0311989 -0.0582861 -0.0556074 -0.0438491 -0.0472937 -0.0778534 -0.0332308 -0.0784768 -0.0560993 -0.0611455 -0.0211103 -0.0056536 -0.0407767 -0.0813308 -0.0230271 -0.0411906 -0.0396213 0.0013174 -0.0041481 0.8064729 -0.0064710 -0.0288906 -0.0395629 -0.0270002
