0.4902546 0.4901880 -0.4084506 -1.8421172 0.4414108 0.0788265 0.0778791 -1.0594565 0.2072335 0.0784735 0.4480814 0.0782649 -0.5974171 0.4413552 -0.8461397 0.0785914 0.0788580 0.4863226 0.4474148 0.4898904 0.4363529 0.0560707 0.0560707 0.4889442 0.4542612 0.4414538 0.2623575 -0.3564067 -0.9172922 0.4480381 0.4551851 -0.6682737 0.0788682 0.4477925 0.4348748 -0.2441171 0.4414516 0.0770399 -0.4516111 0.3403165 0.4830090 0.0764469 0.0560707 0.4478410 0.4743312 0.0786930 0.4901880 0.0782087 -0.7612759 0.0782695 0.0702001 0.0787917 0.4652641 0.0766865 -0.0606833 0.0741102 0.1120977 0.0786302 0.4477415 0.0719625 -0.9615354 0.0702001 0.4348631 0.0673572 0.0768264 -0.7612421 0.0767938 0.0560707 0.0782540 0.0741182 -0.5600441 0.4896297 -0.5974295 0.4891359 0.1724566 0.4889566 0.4880232 -0.5973694
0.4901880 0.4903552 -0.4085022 -1.8421798 0.4414861 0.0787568 0.0778096 -1.0595232 0.2073258 0.0784039 0.4481533 0.0781950 -0.5973439 0.4414304 -0.8461998 0.0785217 0.0787883 0.4864098 0.4474868 0.4899784 0.4364332 0.0560011 0.0560011 0.4890321 0.4543498 0.4415292 0.2624499 -0.3563143 -0.9173555 0.4481101 0.4552737 -0.6682052 0.0787985 0.4478644 0.4349553 -0.2440248 0.4415269 0.0769707 -0.4515198 0.3404078 0.4830964 0.0763767 0.0560011 0.4479129 0.4744196 0.0786234 0.4902762 0.0781392 -0.7613352 0.0781997 0.0701312 0.0787221 0.4653527 0.0766166 -0.0605889 0.0740404 0.1121901 0.0785605 0.4478137 0.0718925 -0.9616022 0.0701312 0.4349437 0.0672860 0.0767567 -0.7613089 0.0767241 0.0560011 0.0781844 0.0740484 -0.5601047 0.4897179 -0.5973563 0.4892238 0.1725490 0.4890447 0.4881113 -0.5972962
-0.4084506 -0.4085022 1.5148282 1.7796398 -0.3597806 -0.1582905 -0.1559877 1.2375709 -0.0135032 -0.1571759 -0.3828927 -0.1573813 0.7810150 -0.3599690 0.5555136 -0.1578426 -0.1583455 -0.4042692 -0.3813753 -0.4083083 -0.3333178 -0.1261853 -0.1261853 -0.4071324 -0.3441540 -0.3600123 0.0116847 -0.0345508 -0.4359293 -0.3827692 -0.3475890 1.0017962 -0.1583589 -0.3825686 -0.3338230 -0.4990345 -0.3599894 -0.1532473 0.8485360 -0.1786999 -0.3977889 -0.1542623 -0.1261853 -0.3827382 -0.3786735 -0.1577654 -0.4085022 -0.1558881 0.1455512 -0.1573808 -0.1364664 -0.1582265 -0.3631082 -0.1540306 0.3936001 -0.1490349 -0.1432127 -0.1578223 -0.3818685 -0.1492268 0.9988075 -0.1364664 -0.3338168 -0.1394196 -0.1539197 1.1987827 -0.1538461 -0.1261853 -0.1572368 -0.1490614 0.4028890 -0.4075459 0.7810232 -0.4074765 0.3073033 -0.4060883 -0.4047481 0.7808375
-1.8421172 -1.8421798 1.7796398 11.7269907 -1.7450932 -1.5217506 -1.5142567 6.0816913 -0.3291323 -1.5188104 -1.8094146 -1.5202022 5.1599932 -1.7447442 4.6529584 -1.5207318 -1.5221626 -1.8332797 -1.8054309 -1.8419076 -1.6681302 -1.3817228 -1.3817228 -1.8392886 -1.6625695 -1.7454494 -0.7210012 3.6974020 5.0273519 -1.8090332 -1.6694553 5.5889573 -1.5221848 -1.8087453 -1.6550527 2.8577058 -1.7453613 -1.5058243 4.3818307 -1.0617944 -1.8165897 -1.5135713 -1.3817228 -1.8091663 -1.7658355 -1.5206383 -1.8421799 -1.5158032 4.0018802 -1.5202373 -1.4627255 -1.5216581 -1.7222359 -1.5120163 1.3613973 -1.4948814 0.3102714 -1.5209394 -1.8065690 -1.4849198 5.4369345 -1.4627255 -1.6550484 -1.4717766 -1.5109818 3.9594412 -1.5108204 -1.3817228 -1.5178660 -1.4949332 2.5060089 -1.8398353 5.1600046 -1.8402050 -0.1218086 -1.8363382 -1.8327957 5.1596770
0.4414108 0.4414861 -0.3597806 -1.7450932 0.4622259 0.0902651 0.0893867 -1.0048093 0.2006773 0.0899398 0.4055359 0.0897540 -0.5962039 0.4004599 -0.7942419 0.0900496 0.0902958 0.4382613 0.4050068 0.4412326 0.3968047 0.0690068 0.0690068 0.4404459 0.4118750 0.4005570 0.2558040 -0.3627359 -0.8643425 0.4055026 0.4127752 -0.6652328 0.0903051 0.4052938 0.3953211 -0.2505658 0.4005533 0.0886119 -0.4573254 0.3162109 0.4356340 0.0880957 0.0690068 0.4053307 0.4286604 0.0901434 0.4414861 0.0896975 -0.7098103 0.0897585 0.0823312 0.0902338 0.4213567 0.0883048 -0.0472688 0.0859165 0.1055002 0.0900868 0.4052698 0.0839052 -0.9069555 0.0823312 0.3953111 0.0797461 0.0884289 -0.7067116 0.0883983 0.0690068 0.0897341 0.0859242 -0.5081562 0.4410315 -0.5962145 0.4405972 0.1657920 0.4404669 0.4397253 -0.5961571
0.0788265 0.0787568 -0.1582905 -1.5217506 0.0902651 0.3954270 0.3900563 -0.7392967 -0.2041471 0.3910217 0.1108008 0.3918133 -0.9201347 0.0902147 -0.5570712 0.3916139 0.3918146 0.0791197 0.1098052 0.0789655 0.0636763 0.3693506 0.3693506 0.0788716 0.0437484 0.0903177 -0.1490352 -0.7676629 -0.6139187 0.1106856 0.0446805 -0.9690193 0.3918103 0.1108315 0.0613567 -0.6554452 0.0902954 0.3878813 -0.8574880 -0.0711809 0.0753943 0.3915560 0.3693506 0.1109601 0.0631714 0.3914384 0.0787568 0.3901866 -0.4761668 0.3918192 0.3799978 0.3917109 0.0543184 0.3906810 -0.4720236 0.3874688 -0.2992637 0.3916337 0.1099622 0.3866070 -0.6414372 0.3799978 0.0613674 0.3871690 0.3901104 -0.4411937 0.3901000 0.3693506 0.3909601 0.3874748 -0.2694536 0.0783531 -0.9201256 0.0790712 -0.2389508 0.0776765 0.0770699 -0.9200979
0.0778791 0.0778096 -0.1559877 -1.5142567 0.0893867 0.3900563 0.3970965 -0.7343376 -0.2030414 0.3893806 0.1097817 0.3901682 -0.9164803 0.0893363 -0.5540224 0.3899677 0.3901654 0.0781815 0.1087939 0.0780179 0.0629610 0.3678972 0.3678972 0.0779272 0.0430840 0.0894389 -0.1480435 -0.7651882 -0.6123350 0.1096673 0.0440149 -0.9647369 0.3901612 0.1098131 0.0606456 -0.6536853 0.0894168 0.3862693 -0.8537802 -0.0709315 0.0744890 0.3899250 0.3678972 0.1099407 0.0623605 0.3897931 0.0778096 0.3885537 -0.4731764 0.3901741 0.3784849 0.3900628 0.0535861 0.3890543 -0.4693698 0.3858767 -0.2979222 0.3899875 0.1089489 0.3850203 -0.6384060 0.3784849 0.0606563 0.3856193 0.3884867 -0.4382158 0.3884763 0.3678972 0.3893196 0.3858827 -0.2664817 0.0774098 -0.9164713 0.0781250 -0.2361640 0.0767386 0.0761387 -0.9164438
-1.0594565 -1.0595232 1.2375709 6.0816913 -1.0048093 -0.7392967 -0.7343376 4.7101688 -0.4134776 -0.7372040 -1.0267639 -0.7375091 2.6936362 -1.0046973 2.0295539 -0.7383789 -0.7395034 -1.0548633 -1.0252664 -1.0592805 -0.9823002 -0.6532832 -0.6532832 -1.0580052 -0.9894394 -1.0050714 -0.6089714 1.6586323 2.1640751 -1.0266281 -0.9897004 3.1918466 -0.7395322 -1.0264049 -0.9765726 1.0732050 -1.0050203 -0.7289955 2.2505634 -0.7287253 -1.0483849 -0.7311653 -0.6532832 -1.0265570 -1.0290152 -0.7384319 -1.0595233 -0.7350733 2.1783504 -0.7375257 -0.6961386 -0.7391852 -1.0114974 -0.7307892 0.4801915 -0.7191268 -0.1700062 -0.7384843 -1.0257529 -0.7142107 2.9740503 -0.6961386 -0.9765648 -0.6976350 -0.7305540 2.1867619 -0.7303842 -0.6532832 -0.7367590 -0.7191290 1.5510474 -1.0585496 2.6936469 -1.0583625 0.0496906 -1.0570211 -1.0556649 2.6934249
0.2072335 0.2073258 -0.0135032 -0.3291323 0.2006773 -0.2041471 -0.2030414 -0.4134776 0.7984059 -0.2036384 0.1652009 -0.2047724 0.0393629 0.2006711 -0.2218598 -0.2042537 -0.2042398 0.2076780 0.1670098 0.2070574 0.2432735 -0.2006071 -0.2006071 0.2074458 0.2667326 0.2007052 0.6232275 0.2568693 -0.2029762 0.1653918 0.2671377 -0.0256457 -0.2042254 0.1652140 0.2435586 0.3552828 0.2007107 -0.2011132 0.1365321 0.4153082 0.2145472 -0.2060555 -0.2006071 0.1649914 0.2368107 -0.2039344 0.2073259 -0.2028366 -0.1484065 -0.2047747 -0.1976238 -0.2041821 0.2523145 -0.2048070 0.6771933 -0.2034282 0.5391468 -0.2042286 0.1666536 -0.2045940 -0.3250784 -0.1976238 0.2435446 -0.2090359 -0.2040441 -0.2264750 -0.2040705 -0.2006071 -0.2037924 -0.2034232 -0.0543403 0.2081326 0.0393507 0.2070702 0.5387907 0.2092988 0.2106387 0.0394056
0.0784735 0.0784039 -0.1571759 -1.5188104 0.0899398 0.3910217 0.3893806 -0.7372040 -0.2036384 0.3960551 0.1104141 0.3911319 -0.9186668 0.0898893 -0.5558882 0.3909319 0.3911314 0.0787706 0.1094218 0.0786124 0.0634223 0.3687511 0.3687511 0.0785199 0.0435175 0.0899922 -0.1485550 -0.7667574 -0.6136385 0.1102992 0.0444491 -0.9672518 0.3911270 0.1104451 0.0611044 -0.6548803 0.0899699 0.3872145 -0.8559702 -0.0710249 0.0750595 0.3908813 0.3687511 0.1105733 0.0628774 0.3907568 0.0784039 0.3895107 -0.4750118 0.3911378 0.3793767 0.3910281 0.0540586 0.3900081 -0.4708682 0.3868112 -0.2987372 0.3909518 0.1095780 0.3859506 -0.6402626 0.3793767 0.0611150 0.3865310 0.3894387 -0.4400083 0.3894283 0.3687511 0.3902805 0.3868172 -0.2682699 0.0780019 -0.9186578 0.0787187 -0.2376099 0.0773276 0.0767239 -0.9186301
0.4480814 0.4481533 -0.3828927 -1.8094146 0.4055359 0.1108008 0.1097817 -1.0267639 0.1652009 0.1104141 0.4435344 0.1103076 -0.6304067 0.4054808 -0.8166175 0.1105804 0.1108403 0.4447199 0.4129230 0.4479075 0.3982779 0.0880855 0.0880855 0.4470484 0.4123201 0.4055800 0.2203251 -0.3984389 -0.8863073 0.4135726 0.4132448 -0.6990203 0.1108490 0.4133672 0.3967138 -0.2861544 0.4055757 0.1088060 -0.4930953 0.2982736 0.4413642 0.1086491 0.0880855 0.4134238 0.4323241 0.1106537 0.4481533 0.1100909 -0.7321582 0.1103124 0.1018593 0.1107702 0.4232789 0.1087747 -0.1027161 0.1061334 0.0700653 0.1106173 0.4132325 0.1041171 -0.9288428 0.1018593 0.3967044 0.1000396 0.1088421 -0.7285498 0.1088118 0.0880855 0.1102107 0.1061412 -0.5303616 0.4476108 -0.6304169 0.4472408 0.1304169 0.4469374 0.4460373 -0.6303600
0.0782649 0.0781950 -0.1573813 -1.5202022 0.0897540 0.3918133 0.3901682 -0.7375091 -0.2047724 0.3911319 0.1103076 0.3960681 -0.9198539 0.0897035 -0.5562302 0.3917235 0.3919231 0.0785612 0.1093114 0.0784042 0.0631393 0.3695073 0.3695073 0.0783109 0.0431755 0.0898064 -0.1496717 -0.7680628 -0.6140893 0.1101923 0.0441076 -0.9684094 0.3919189 0.1103386 0.0608186 -0.6561836 0.0897841 0.3879962 -0.8572657 -0.0717805 0.0748339 0.3916753 0.3695073 0.1104673 0.0626042 0.3915477 0.0781951 0.3902983 -0.4753590 0.3919304 0.3801429 0.3918197 0.0537474 0.3907992 -0.4724641 0.3875957 -0.2999322 0.3917433 0.1094684 0.3867355 -0.6405616 0.3801429 0.0608293 0.3873231 0.3902279 -0.4402829 0.3902175 0.3695073 0.3910704 0.3876017 -0.2685829 0.0777913 -0.9198450 0.0785107 -0.2387254 0.0771147 0.0765078 -0.9198172
-0.5974171 -0.5973439 0.7810150 5.1599932 -0.5962039 -0.9201347 -0.9164803 2.6936362 0.0393629 -0.9186668 -0.6304067 -0.9198539 2.7795565 -0.5960636 2.0359986 -0.9197706 -0.9203649 -0.5964409 -0.6286188 -0.5975506 -0.5507837 -0.8583457 -0.8583457 -0.5970374 -0.5231332 -0.5964166 -0.1484592 1.9999318 2.0321519 -0.6302071 -0.5272223 2.9468443 -0.9203662 -0.6303353 -0.5435570 1.5354137 -0.5963560 -0.9120576 2.3764246 -0.2722065 -0.5895919 -0.9178838 -0.8583457 -0.6305546 -0.5671030 -0.9195778 -0.5973440 -0.9170263 1.6287873 -0.9198714 -0.8927550 -0.9201208 -0.5496318 -0.9165439 0.8405837 -0.9087790 0.2913080 -0.9198588 -0.6289532 -0.9053320 2.4548130 -0.8927550 -0.5435694 -0.9025670 -0.9156958 1.6685894 -0.9156234 -0.8583457 -0.9183659 -0.9088078 0.8351576 -0.5965080 2.7456477 -0.5973992 0.1249466 -0.5950418 -0.5939108 2.7454875
0.4413552 0.4414304 -0.3599690 -1.7447442 0.4004599 0.0902147 0.0893363 -1.0046973 0.2006711 0.0898893 0.4054808 0.0897035 -0.5960636 0.4623094 -0.7940438 0.0899992 0.0902453 0.4382057 0.4049518 0.4411769 0.3967516 0.0689582 0.0689582 0.4403902 0.4118231 0.4005029 0.2557689 -0.3624989 -0.8639014 0.4054475 0.4127235 -0.6651199 0.0902547 0.4052387 0.3952690 -0.2502712 0.4004993 0.0885614 -0.4572609 0.3161753 0.4355789 0.0880449 0.0689582 0.4052757 0.4286061 0.0900930 0.4414304 0.0896469 -0.7095633 0.0897080 0.0822797 0.0901833 0.4213033 0.0882540 -0.0472452 0.0858658 0.1055545 0.0900363 0.4052148 0.0838551 -0.9068100 0.0822797 0.3952591 0.0796947 0.0883782 -0.7067142 0.0883476 0.0689582 0.0896837 0.0858735 -0.5080714 0.4409760 -0.5960742 0.4405416 0.1657147 0.4404114 0.4396699 -0.5960168
-0.8461397 -0.8461998 0.5555136 4.6529584 -0.7942419 -0.5570712 -0.5540224 2.0295539 -0.2218598 -0.5558882 -0.8166175 -0.5562302 2.0359986 -0.7940438 2.3798113 -0.5565878 -0.5572345 -0.8417318 -0.8151114 -0.8459786 -0.7670187 -0.4997889 -0.4997889 -0.8447524 -0.7713346 -0.7943529 -0.3997779 1.5485836 2.3445311 -0.8164788 -0.7753366 2.1161330 -0.5572479 -0.8162830 -0.7605034 1.2861967 -0.7943227 -0.5507423 1.5971595 -0.5312159 -0.8352289 -0.5529621 -0.4997889 -0.8164281 -0.8157898 -0.5566292 -0.8461998 -0.5547366 1.9125656 -0.5562468 -0.5324050 -0.5570228 -0.7981152 -0.5525640 0.4506922 -0.5453646 0.0412362 -0.5566921 -0.8155993 -0.5408316 2.2904820 -0.5324050 -0.7604970 -0.5337555 -0.5523164 1.5033162 -0.5523055 -0.4997889 -0.5554542 -0.5453949 1.0229930 -0.8452368 2.0360079 -0.8451140 -0.1258432 -0.8438774 -0.8423671 2.0358937
0.0785914 0.0785217 -0.1578426 -1.5207318 0.0900496 0.3916139 0.3899677 -0.7383789 -0.2042537 0.3909319 0.1105804 0.3917235 -0.9197706 0.0899992 -0.5565878 0.3957492 0.3917237 0.0788861 0.1095851 0.0787304 0.0634650 0.3692884 0.3692884 0.0786370 0.0435304 0.0901021 -0.1491540 -0.7675959 -0.6138843 0.1104652 0.0444624 -0.9685069 0.3917194 0.1106113 0.0611455 -0.6555363 0.0900799 0.3877951 -0.8571658 -0.0713387 0.0751627 0.3914697 0.3692884 0.1107398 0.0629445 0.3913480 0.0785217 0.3900979 -0.4756980 0.3917294 0.3799282 0.3916201 0.0540962 0.3905948 -0.4719596 0.3873878 -0.2993819 0.3915434 0.1097420 0.3865266 -0.6409452 0.3799282 0.0611561 0.3870993 0.3900242 -0.4407279 0.3900137 0.3692884 0.3908704 0.3873937 -0.2690001 0.0781182 -0.9197616 0.0788365 -0.2386685 0.0774420 0.0768358 -0.9197339
0.0788580 0.0787883 -0.1583455 -1.5221626 0.0902958 0.3918146 0.3901654 -0.7395034 -0.2042398 0.3911314 0.1108403 0.3919231 -0.9203649 0.0902453 -0.5572345 0.3917237 0.3953398 0.0791509 0.1098442 0.0789970 0.0636963 0.3694524 0.3694524 0.0789030 0.0437630 0.0903483 -0.1491163 -0.7678724 -0.6140835 0.1107250 0.0446952 -0.9692625 0.3919202 0.1108710 0.0613761 -0.6556376 0.0903261 0.3879895 -0.8577021 -0.0712203 0.0754236 0.3916656 0.3694524 0.1109997 0.0631950 0.3915481 0.0787883 0.3902958 -0.4763291 0.3919291 0.3801025 0.3918208 0.0543373 0.3907903 -0.4722007 0.3875767 -0.2993751 0.3917435 0.1100014 0.3867146 -0.6415978 0.3801025 0.0613868 0.3872763 0.3902195 -0.4413050 0.3902091 0.3694524 0.3910696 0.3875827 -0.2695663 0.0783843 -0.9203559 0.0791027 -0.2390733 0.0777075 0.0771004 -0.9203281
0.4863226 0.4864098 -0.4042692 -1.8332797 0.4382613 0.0791197 0.0781815 -1.0548633 0.2076780 0.0787706 0.4447199 0.0785612 -0.5964409 0.4382057 -0.8417318 0.0788861 0.0791509 0.4886545 0.4440686 0.4861153 0.4334030 0.0565141 0.0565141 0.4851831 0.4511296 0.4383043 0.2628021 -0.3559401 -0.9128073 0.4446780 0.4520511 -0.6671755 0.0791611 0.4444350 0.4319266 -0.2436581 0.4383020 0.0773527 -0.4511037 0.3396068 0.4793747 0.0767552 0.0565141 0.4444821 0.4708658 0.0789878 0.4864098 0.0785097 -0.7568970 0.0785659 0.0705724 0.0790852 0.4620235 0.0769938 -0.0582282 0.0744396 0.1125416 0.0789248 0.4443879 0.0723022 -0.9569464 0.0705724 0.4319151 0.0677274 0.0771353 -0.7566578 0.0771029 0.0565141 0.0785520 0.0744476 -0.5556383 0.4858619 -0.5964531 0.4853694 0.1728840 0.4851956 0.4842856 -0.5963932
0.4474148 0.4474868 -0.3813753 -1.8054309 0.4050068 0.1098052 0.1087939 -1.0252664 0.1670098 0.1094218 0.4129230 0.1093114 -0.6286188 0.4049518 -0.8151114 0.1095851 0.1098442 0.4440686 0.4443573 0.4472408 0.3979429 0.0871755 0.0871755 0.4463865 0.4120202 0.4050508 0.2221339 -0.3966168 -0.8848120 0.4128734 0.4129436 -0.6972435 0.1098529 0.4126680 0.3963830 -0.2843359 0.4050466 0.1078290 -0.4912758 0.2990740 0.4407561 0.1076539 0.0871755 0.4127235 0.4318346 0.1096595 0.4474868 0.1091031 -0.7306536 0.1093161 0.1009207 0.1097745 0.4228936 0.1077837 -0.0997354 0.1051568 0.0718707 0.1096220 0.4125393 0.1031416 -0.9273474 0.1009207 0.3963736 0.0990627 0.1078539 -0.7270621 0.1078236 0.0871755 0.1092184 0.1051646 -0.5288667 0.4469496 -0.6286290 0.4465766 0.1322173 0.4462824 0.4453921 -0.6285721
0.4898904 0.4899784 -0.4083083 -1.8419076 0.4412326 0.0789655 0.0780179 -1.0592805 0.2070574 0.0786124 0.4479075 0.0784042 -0.5975506 0.4411769 -0.8459786 0.0787304 0.0789970 0.4861153 0.4472408 0.4900421 0.4361668 0.0562111 0.0562111 0.4887354 0.4540572 0.4412756 0.2621815 -0.3565827 -0.9171245 0.4478641 0.4549811 -0.6683965 0.0790072 0.4476188 0.4346884 -0.2442932 0.4412734 0.0771782 -0.4517846 0.3401313 0.4828022 0.0765870 0.0562111 0.4476673 0.4741242 0.0788320 0.4899784 0.0783474 -0.7611169 0.0784089 0.0703384 0.0789308 0.4650592 0.0768261 -0.0608435 0.0742497 0.1119216 0.0787692 0.4475676 0.0721027 -0.9613594 0.0703384 0.4346768 0.0674998 0.0769657 -0.7610662 0.0769332 0.0562111 0.0783930 0.0742577 -0.5598824 0.4894203 -0.5975629 0.4889271 0.1722804 0.4887472 0.4878142 -0.5975028
0.4363529 0.4364332 -0.3333178 -1.6681302 0.3968047 0.0636763 0.0629610 -0.9823002 0.2432735 0.0634223 0.3982779 0.0631393 -0.5507837 0.3967516 -0.7670187 0.0634650 0.0636963 0.4334030 0.3979429 0.4361668 0.4888914 0.0440677 0.0440677 0.4354541 0.4138580 0.3968458 0.2981542 -0.3170752 -0.8409722 0.3982644 0.4147048 -0.6205772 0.0637064 0.3980487 0.3959286 -0.2063285 0.3968433 0.0624220 -0.4094394 0.3381921 0.4315767 0.0614677 0.0440677 0.3980631 0.4269713 0.0635840 0.4364332 0.0632750 -0.6858917 0.0631435 0.0568946 0.0636437 0.4215712 0.0617810 0.0188663 0.0596796 0.1477542 0.0635026 0.3981571 0.0576631 -0.8806733 0.0568946 0.3959177 0.0533682 0.0619731 -0.6823288 0.0619421 0.0440677 0.0632126 0.0596870 -0.4866720 0.4360758 -0.5507949 0.4355607 0.2079311 0.4356393 0.4350660 -0.5507371
0.0560707 0.0560011 -0.1261853 -1.3817228 0.0690068 0.3693506 0.3678972 -0.6532832 -0.2006071 0.3687511 0.0880855 0.3695073 -0.8583457 0.0689582 -0.4997889 0.3692884 0.3694524 0.0565141 0.0871755 0.0562111 0.0440677 0.4334535 0.3498319 0.0561641 0.0242928 0.0690546 -0.1489864 -0.7264932 -0.5611333 0.0879784 0.0251846 -0.8982311 0.3694474 0.0881272 0.0417925 -0.6260956 0.0690334 0.3659480 -0.7969664 -0.0793879 0.0531473 0.3694390 0.3498319 0.0882462 0.0419875 0.3691195 0.0560011 0.3680068 -0.4226046 0.3695129 0.3592650 0.3693603 0.0339979 0.3686019 -0.4446377 0.3658231 -0.2854138 0.3693067 0.0873087 0.3651055 -0.5793390 0.3592650 0.0418031 0.3661371 0.3680597 -0.3803862 0.3680503 0.3498319 0.3687029 0.3658286 -0.2174145 0.0556448 -0.8583365 0.0563438 -0.2175506 0.0550361 0.0545047 -0.8583130
0.0560707 0.0560011 -0.1261853 -1.3817228 0.0690068 0.3693506 0.3678972 -0.6532832 -0.2006071 0.3687511 0.0880855 0.3695073 -0.8583457 0.0689582 -0.4997889 0.3692884 0.3694524 0.0565141 0.0871755 0.0562111 0.0440677 0.3498319 0.4334535 0.0561641 0.0242928 0.0690546 -0.1489864 -0.7264932 -0.5611333 0.0879784 0.0251846 -0.8982311 0.3694474 0.0881272 0.0417925 -0.6260956 0.0690334 0.3659480 -0.7969664 -0.0793879 0.0531473 0.3694390 0.3498319 0.0882462 0.0419875 0.3691195 0.0560011 0.3680068 -0.4226046 0.3695129 0.3592650 0.3693603 0.0339979 0.3686019 -0.4446377 0.3658231 -0.2854138 0.3693067 0.0873087 0.3651055 -0.5793390 0.3592650 0.0418031 0.3661371 0.3680597 -0.3803862 0.3680503 0.3498319 0.3687029 0.3658286 -0.2174145 0.0556448 -0.8583365 0.0563438 -0.2175506 0.0550361 0.0545047 -0.8583130
0.4889442 0.4890321 -0.4071324 -1.8392886 0.4404459 0.0788716 0.0779272 -1.0580052 0.2074458 0.0785199 0.4470484 0.0783109 -0.5970374 0.4403902 -0.8447524 0.0786370 0.0789030 0.4851831 0.4463865 0.4887354 0.4354541 0.0561641 0.0561641 0.4898280 0.4533096 0.4404888 0.2625692 -0.3561800 -0.9158796 0.4470054 0.4542327 -0.6678569 0.0789132 0.4467607 0.4339768 -0.2438943 0.4404867 0.0770915 -0.4513725 0.3399715 0.4818925 0.0764965 0.0561641 0.4468088 0.4732735 0.0787386 0.4890321 0.0782564 -0.7598963 0.0783156 0.0702708 0.0788369 0.4642646 0.0767362 -0.0598214 0.0741667 0.1123095 0.0786757 0.4467114 0.0720222 -0.9600899 0.0702708 0.4339651 0.0674259 0.0768765 -0.7598029 0.0768439 0.0561641 0.0783007 0.0741747 -0.5586607 0.4884769 -0.5970498 0.4879837 0.1726633 0.4878072 0.4868798 -0.5969898
0.4542612 0.4543498 -0.3441540 -1.6625695 0.4118750 0.0437484 0.0430840 -0.9894394 0.2667326 0.0435175 0.4123201 0.0431755 -0.5231332 0.4118231 -0.7713346 0.0435304 0.0437630 0.4511296 0.4120202 0.4540572 0.4138580 0.0242928 0.0242928 0.4533096 0.5187183 0.4119152 0.3207191 -0.2855591 -0.8469728 0.4123121 0.4333943 -0.5941048 0.0437739 0.4120764 0.4126572 -0.1752616 0.4119140 0.0426339 -0.3782406 0.3589646 0.4494000 0.0414256 0.0242928 0.4120846 0.4452066 0.0436651 0.4543498 0.0434074 -0.6910858 0.0431795 0.0372310 0.0437133 0.4400079 0.0418048 0.0462665 0.0397629 0.1703887 0.0435686 0.4122383 0.0376840 -0.8866160 0.0372310 0.4126452 0.0331193 0.0420380 -0.6966038 0.0420060 0.0242928 0.0432996 0.0397704 -0.5005937 0.4539942 -0.5231455 0.4534115 0.2304415 0.4535707 0.4529973 -0.5230861
0.4414538 0.4415292 -0.3600123 -1.7454494 0.4005570 0.0903177 0.0894389 -1.0050714 0.2007052 0.0899922 0.4055800 0.0898064 -0.5964166 0.4005029 -0.7943529 0.0901021 0.0903483 0.4383043 0.4050508 0.4412756 0.3968458 0.0690546 0.0690546 0.4404888 0.4119152 0.4620624 0.2558346 -0.3627792 -0.8642399 0.4055466 0.4128161 -0.6654928 0.0903576 0.4053377 0.3953619 -0.2505082 0.4005964 0.0886636 -0.4575169 0.3162442 0.4356770 0.0881475 0.0690546 0.4053748 0.4287026 0.0901959 0.4415292 0.0897497 -0.7098355 0.0898109 0.0823802 0.0902863 0.4213984 0.0883566 -0.0473069 0.0859676 0.1055613 0.0901393 0.4053138 0.0839564 -0.9071588 0.0823802 0.3953519 0.0797957 0.0884807 -0.7068808 0.0884501 0.0690546 0.0897865 0.0859753 -0.5081590 0.4410746 -0.5964272 0.4406402 0.1657541 0.4405099 0.4397683 -0.5963697
0.2623575 0.2624499 0.0116847 -0.7210012 0.2558040 -0.1490352 -0.1480435 -0.6089714 0.6232275 -0.1485550 0.2203251 -0.1496717 -0.1484592 0.2557689 -0.3997779 -0.1491540 -0.1491163 0.2628021 0.2221339 0.2621815 0.2981542 -0.1489864 -0.1489864 0.2625692 0.3207191 0.2558346 0.7070886 0.0879014 -0.4570074 0.2205141 0.3212602 -0.2187570 -0.1491016 0.2203379 0.2977004 0.1974312 0.2558373 -0.1462167 -0.0053341 0.4608362 0.2696722 -0.1510291 -0.1489864 0.2201141 0.2918903 -0.1488249 0.2624499 -0.1477657 -0.3173102 -0.1496724 -0.1432102 -0.1490697 0.3071895 -0.1498020 0.6638119 -0.1487287 0.5353906 -0.1491174 0.2217746 -0.1503350 -0.5128073 -0.1432102 0.2976865 -0.1547039 -0.1490541 -0.3182461 -0.1490837 -0.1489864 -0.1487526 -0.1487227 -0.1224216 0.2632570 -0.1484715 0.2621940 0.5849864 0.2644177 0.2657598 -0.1484123
-0.3564067 -0.3563143 -0.0345508 3.6974020 -0.3627359 -0.7676629 -0.7651882 1.6586323 0.2568693 -0.7667574 -0.3984389 -0.7680628 1.9999318 -0.3624989 1.5485836 -0.7675959 -0.7678724 -0.3559401 -0.3966168 -0.3565827 -0.3170752 -0.7264932 -0.7264932 -0.3561800 -0.2855591 -0.3627792 0.0879014 1.8518831 2.1340044 -0.3982307 -0.2871403 2.0266867 -0.7678624 -0.3984189 -0.3102200 1.7760392 -0.3627405 -0.7619829 1.6418786 -0.0519323 -0.3490336 -0.7682446 -0.7264932 -0.3986360 -0.3262032 -0.7673695 -0.3563143 -0.7657012 1.4499142 -0.7680804 -0.7520331 -0.7676933 -0.3088126 -0.7667852 0.8236374 -0.7618672 0.5301718 -0.7676817 -0.3969439 -0.7587894 1.6337005 -0.7520331 -0.3102349 -0.7626973 -0.7658620 0.8467529 -0.7658443 -0.7264932 -0.7664785 -0.7618763 0.6230438 -0.3555024 1.9999199 -0.3565576 0.1131766 -0.3542256 -0.3529455 1.9998996
-0.9172922 -0.9173555 -0.4359293 5.0273519 -0.8643425 -0.6139187 -0.6123350 2.1640751 -0.2029762 -0.6136385 -0.8863073 -0.6140893 2.0321519 -0.8639014 2.3445311 -0.6138843 -0.6140835 -0.9128073 -0.8848120 -0.9171245 -0.8409722 -0.5611333 -0.5611333 -0.9158796 -0.8469728 -0.8642399 -0.4570074 2.1340044 3.9320731 -0.8861701 -0.8474578 1.9825362 -0.6140816 -0.8859782 -0.8350033 2.2147131 -0.8642336 -0.6108214 1.5915424 -0.5686021 -0.9062886 -0.6139072 -0.5611333 -0.8861040 -0.8869339 -0.6139596 -0.9173555 -0.6136236 2.3751163 -0.6141093 -0.6065423 -0.6139335 -0.8692934 -0.6134517 0.4223365 -0.6091837 0.4717866 -0.6140314 -0.8853014 -0.6012590 2.3016989 -0.6065423 -0.8349960 -0.6062143 -0.6130285 1.5145215 -0.6130105 -0.5611333 -0.6127988 -0.6091895 1.4879642 -0.9163937 2.0321612 -0.9162607 -0.6056890 -0.9152138 -0.9134941 2.0321770
0.4480381 0.4481101 -0.3827692 -1.8090332 0.4055026 0.1106856 0.1096673 -1.0266281 0.1653918 0.1102992 0.4135726 0.1101923 -0.6302071 0.4054475 -0.8164788 0.1104652 0.1107250 0.4446780 0.4128734 0.4478641 0.3982644 0.0879784 0.0879784 0.4470054 0.4123121 0.4055466 0.2205141 -0.3982307 -0.8861701 0.4436458 0.4132367 -0.6988232 0.1107338 0.4133165 0.3967008 -0.2859462 0.4055423 0.1086927 -0.4929000 0.2984013 0.4413273 0.1085338 0.0879784 0.4133731 0.4322979 0.1105386 0.4481101 0.1099765 -0.7320192 0.1101971 0.1017497 0.1106550 0.4232652 0.1086598 -0.1024116 0.1060200 0.0702541 0.1105021 0.4131825 0.1040037 -0.9287071 0.1017497 0.3966914 0.0999258 0.1087276 -0.7284327 0.1086973 0.0879784 0.1100958 0.1060278 -0.5302419 0.4475681 -0.6302173 0.4471976 0.1306047 0.4468949 0.4459962 -0.6301605
0.4551851 0.4552737 -0.3475890 -1.6694553 0.4127752 0.0446805 0.0440149 -0.9897004 0.2671377 0.0444491 0.4132448 0.0441076 -0.5272223 0.4127235 -0.7753366 0.0444624 0.0446952 0.4520511 0.4129436 0.4549811 0.4147048 0.0251846 0.0251846 0.4542327 0.4333943 0.4128161 0.3212602 -0.2871403 -0.8474578 0.4132367 0.5156759 -0.5981578 0.0447061 0.4130010 0.4134938 -0.1753477 0.4128148 0.0435631 -0.3820049 0.3595925 0.4503161 0.0423573 0.0251846 0.4130093 0.4461044 0.0445969 0.4552737 0.0443383 -0.6915841 0.0441116 0.0381542 0.0446454 0.4408905 0.0427359 0.0454691 0.0406917 0.1709416 0.0445006 0.4131619 0.0386125 -0.8906791 0.0381542 0.4134818 0.0340475 0.0429687 -0.7000327 0.0429368 0.0251846 0.0442311 0.0406994 -0.5000769 0.4549173 -0.5272347 0.4543349 0.2309922 0.4544920 0.4539181 -0.5271747
-0.6682737 -0.6682052 1.0017962 5.5889573 -0.6652328 -0.9690193 -0.9647369 3.1918466 -0.0256457 -0.9672518 -0.6990203 -0.9684094 2.9468443 -0.6651199 2.1161330 -0.9685069 -0.9692625 -0.6671755 -0.6972435 -0.6683965 -0.6205772 -0.8982311 -0.8982311 -0.6678569 -0.5941048 -0.6654928 -0.2187570 2.0266867 1.9825362 -0.6988232 -0.5981578 3.4772966 -0.9692692 -0.6989362 -0.6133951 1.4616290 -0.6654260 -0.9596460 2.5753815 -0.3379211 -0.6603532 -0.9653810 -0.8982311 -0.6991560 -0.6379824 -0.9683226 -0.6682052 -0.9652924 1.7254295 -0.9684269 -0.9354918 -0.9689837 -0.6205444 -0.9640676 0.8424807 -0.9548191 0.2197006 -0.9685956 -0.6975797 -0.9512281 2.6749296 -0.9354918 -0.6134068 -0.9451847 -0.9632359 1.8896527 -0.9631409 -0.8982311 -0.9669453 -0.9548479 0.9633949 -0.6673650 2.9468360 -0.6682149 0.1840589 -0.6658478 -0.6647624 2.9466393
0.0788682 0.0787985 -0.1583589 -1.5221848 0.0903051 0.3918103 0.3901612 -0.7395322 -0.2042254 0.3911270 0.1108490 0.3919189 -0.9203662 0.0902547 -0.5572479 0.3917194 0.3919202 0.0791611 0.1098529 0.0790072 0.0637064 0.3694474 0.3694474 0.0789132 0.0437739 0.0903576 -0.1491016 -0.7678624 -0.6140816 0.1107338 0.0447061 -0.9692692 0.3953286 0.1108797 0.0613862 -0.6556223 0.0903354 0.3879851 -0.8577020 -0.0712070 0.0754338 0.3916611 0.3694474 0.1110084 0.0632055 0.3915437 0.0787985 0.3902915 -0.4763420 0.3919247 0.3800977 0.3918165 0.0543481 0.3907859 -0.4721878 0.3875721 -0.2993603 0.3917392 0.1100101 0.3867100 -0.6416121 0.3800977 0.0613969 0.3872713 0.3902150 -0.4413196 0.3902046 0.3694474 0.3910653 0.3875781 -0.2695800 0.0783946 -0.9203573 0.0791129 -0.2390722 0.0777177 0.0771107 -0.9203295
0.4477925 0.4478644 -0.3825686 -1.8087453 0.4052938 0.1108315 0.1098131 -1.0264049 0.1652140 0.1104451 0.4133672 0.1103386 -0.6303353 0.4052387 -0.8162830 0.1106113 0.1108710 0.4444350 0.4126680 0.4476188 0.3980487 0.0881272 0.0881272 0.4467607 0.4120764 0.4053377 0.2203379 -0.3984189 -0.8859782 0.4133165 0.4130010 -0.6989362 0.1108797 0.4434233 0.3964847 -0.2861416 0.4053335 0.1088381 -0.4930606 0.2981640 0.4410844 0.1086810 0.0881272 0.4131679 0.4320570 0.1106846 0.4478644 0.1101222 -0.7318316 0.1103434 0.1018956 0.1108010 0.4230246 0.1088067 -0.1025560 0.1061668 0.0700776 0.1106481 0.4129770 0.1041513 -0.9284880 0.1018956 0.3964753 0.1000763 0.1088740 -0.7281948 0.1088437 0.0881272 0.1102418 0.1061746 -0.5300318 0.4473227 -0.6303456 0.4469528 0.1304332 0.4466499 0.4457513 -0.6302887
0.4348748 0.4349553 -0.3338230 -1.6550527 0.3953211 0.0613567 0.0606456 -0.9765726 0.2435586 0.0611044 0.3967138 0.0608186 -0.5435570 0.3952690 -0.7605034 0.0611455 0.0613761 0.4319266 0.3963830 0.4346884 0.3959286 0.0417925 0.0417925 0.4339768 0.4126572 0.3953619 0.2977004 -0.3102200 -0.8350033 0.3967008 0.4134938 -0.6133951 0.0613862 0.3964847 0.4940133 -0.1997557 0.3953596 0.0601123 -0.4025215 0.3374664 0.4301161 0.0591458 0.0417925 0.3964986 0.4255679 0.0612648 0.4349553 0.0609591 -0.6800503 0.0608227 0.0546009 0.0613238 0.4202309 0.0594626 0.0210244 0.0573677 0.1473790 0.0611828 0.3965965 0.0553518 -0.8741976 0.0546009 0.3946528 0.0510499 0.0596560 -0.6827128 0.0596251 0.0417925 0.0608944 0.0573751 -0.4877590 0.4345998 -0.5435683 0.4340825 0.2074412 0.4341663 0.4335961 -0.5435105
-0.2441171 -0.2440248 -0.4990345 2.8577058 -0.2505658 -0.6554452 -0.6536853 1.0732050 0.3552828 -0.6548803 -0.2861544 -0.6561836 1.5354137 -0.2502712 1.2861967 -0.6555363 -0.6556376 -0.2436581 -0.2843359 -0.2442932 -0.2063285 -0.6260956 -0.6260956 -0.2438943 -0.1752616 -0.2505082 0.1974312 1.7760392 2.2147131 -0.2859462 -0.1753477 1.4616290 -0.6556223 -0.2861416 -0.1997557 1.8883334 -0.2504841 -0.6512603 1.1779698 0.0481044 -0.2367474 -0.6574738 -0.6260956 -0.2863517 -0.2139715 -0.6553100 -0.2440248 -0.6541938 1.3704627 -0.6562011 -0.6466668 -0.6554976 -0.1966134 -0.6560237 0.7836073 -0.6527580 0.6411934 -0.6556218 -0.2846710 -0.6497999 1.1710435 -0.6466668 -0.1997705 -0.6571217 -0.6551071 0.3836368 -0.6551208 -0.6260956 -0.6546029 -0.6527556 0.5236425 -0.2432161 1.5354016 -0.2442808 0.0826441 -0.2420514 -0.2406597 1.5354615
0.4414516 0.4415269 -0.3599894 -1.7453613 0.4005533 0.0902954 0.0894168 -1.0050203 0.2007107 0.0899699 0.4055757 0.0897841 -0.5963560 0.4004993 -0.7943227 0.0900799 0.0903261 0.4383020 0.4050466 0.4412734 0.3968433 0.0690334 0.0690334 0.4404867 0.4119140 0.4005964 0.2558373 -0.3627405 -0.8642336 0.4055423 0.4128148 -0.6654260 0.0903354 0.4053335 0.3953596 -0.2504841 0.4621121 0.0886416 -0.4574635 0.3162459 0.4356748 0.0881253 0.0690334 0.4053705 0.4287007 0.0901737 0.4415269 0.0897275 -0.7098174 0.0897887 0.0823587 0.0902641 0.4213967 0.0883344 -0.0472861 0.0859456 0.1055638 0.0901170 0.4053096 0.0839344 -0.9071161 0.0823587 0.3953496 0.0797737 0.0884586 -0.7068597 0.0884280 0.0690334 0.0897643 0.0859533 -0.5081615 0.4410724 -0.5963666 0.4406380 0.1657663 0.4405077 0.4397660 -0.5963092
0.0770399 0.0769707 -0.1532473 -1.5058243 0.0886119 0.3878813 0.3862693 -0.7289955 -0.2011132 0.3872145 0.1088060 0.3879962 -0.9120576 0.0885614 -0.5507423 0.3877951 0.3879895 0.0773527 0.1078290 0.0771782 0.0624220 0.3659480 0.3659480 0.0770915 0.0426339 0.0886636 -0.1462167 -0.7619829 -0.6108214 0.1086927 0.0435631 -0.9596460 0.3879851 0.1088381 0.0601123 -0.6512603 0.0886416 0.3987328 -0.8492056 -0.0701769 0.0737053 0.3877675 0.3659480 0.1089644 0.0617093 0.3876218 0.0769707 0.3863981 -0.4699562 0.3880021 0.3764720 0.3878879 0.0530414 0.3869029 -0.4655348 0.3837661 -0.2958066 0.3878148 0.1079813 0.3829135 -0.6351699 0.3764720 0.0601229 0.3835500 0.3863397 -0.4349842 0.3863293 0.3659480 0.3871536 0.3837721 -0.2632463 0.0765764 -0.9120487 0.0772868 -0.2323754 0.0759125 0.0753217 -0.9120213
-0.4516111 -0.4515198 0.8485360 4.3818307 -0.4573254 -0.8574880 -0.8537802 2.2505634 0.1365321 -0.8559702 -0.4930953 -0.8572657 2.3764246 -0.4572609 1.5971595 -0.8571658 -0.8577021 -0.4511037 -0.4912758 -0.4517846 -0.4094394 -0.7969664 -0.7969664 -0.4513725 -0.3782406 -0.4575169 -0.0053341 1.6418786 1.5915424 -0.4929000 -0.3820049 2.5753815 -0.8577020 -0.4930606 -0.4025215 1.1779698 -0.4574635 -0.8492056 2.4988618 -0.1388878 -0.4442183 -0.8554716 -0.7969664 -0.4932921 -0.4213601 -0.8568941 -0.4515198 -0.8542584 1.1911123 -0.8572771 -0.8297672 -0.8574789 -0.4038903 -0.8540526 0.8483053 -0.8462192 0.4341429 -0.8572046 -0.4915971 -0.8429747 2.0117910 -0.8297672 -0.4025363 -0.8407299 -0.8530793 1.7198944 -0.8530095 -0.7969664 -0.8556881 -0.8462477 0.8950851 -0.4507020 2.3764133 -0.4517320 0.2700900 -0.4492369 -0.4481541 2.3762572
0.3403165 0.3404078 -0.1786999 -1.0617944 0.3162109 -0.0711809 -0.0709315 -0.7287253 0.4153082 -0.0710249 0.2982736 -0.0717805 -0.2722065 0.3161753 -0.5312159 -0.0713387 -0.0712203 0.3396068 0.2990740 0.3401313 0.3381921 -0.0793879 -0.0793879 0.3399715 0.3589646 0.3162442 0.4608362 -0.0519323 -0.5686021 0.2984013 0.3595925 -0.3379211 -0.0712070 0.2981640 0.3374664 0.0481044 0.3162459 -0.0701769 -0.1388878 0.6489682 0.3451092 -0.0732580 -0.0793879 0.2980511 0.3509891 -0.0711070 0.3404078 -0.0706624 -0.4576049 -0.0717706 -0.0711634 -0.0712148 0.3644961 -0.0726479 0.3377406 -0.0727531 0.3429528 -0.0713050 0.2987359 -0.0744028 -0.6366928 -0.0711634 0.3374534 -0.0788387 -0.0719380 -0.4637940 -0.0719671 -0.0793879 -0.0712118 -0.0727470 -0.2861819 0.3406583 -0.2722188 0.3396122 0.3766593 0.3402190 0.3414838 -0.2721632
0.4830090 0.4830964 -0.3977889 -1.8165897 0.4356340 0.0753943 0.0744890 -1.0483849 0.2145472 0.0750595 0.4413642 0.0748339 -0.5895919 0.4355789 -0.8352289 0.0751627 0.0754236 0.4793747 0.4407561 0.4828022 0.4315767 0.0531473 0.0531473 0.4818925 0.4494000 0.4356770 0.2696722 -0.3490336 -0.9062886 0.4413273 0.4503161 -0.6603532 0.0754338 0.4410844 0.4301161 -0.2367474 0.4356748 0.0737053 -0.4442183 0.3451092 0.4910972 0.0730347 0.0531473 0.4411266 0.4683264 0.0752684 0.4830964 0.0748168 -0.7503901 0.0748387 0.0670845 0.0753598 0.4601364 0.0732847 -0.0464954 0.0707964 0.1194115 0.0752014 0.4410562 0.0686653 -0.9504646 0.0670845 0.4301044 0.0640908 0.0734428 -0.7501963 0.0734103 0.0531473 0.0748411 0.0708044 -0.5491546 0.4825720 -0.5896042 0.4820629 0.1796901 0.4819131 0.4810668 -0.5895442
0.0764469 0.0763767 -0.1542623 -1.5135713 0.0880957 0.3915560 0.3899250 -0.7311653 -0.2060555 0.3908813 0.1086491 0.3916753 -0.9178838 0.0880449 -0.5529621 0.3914697 0.3916656 0.0767552 0.1076539 0.0765870 0.0614677 0.3694390 0.3694390 0.0764965 0.0414256 0.0881475 -0.1510291 -0.7682446 -0.6139072 0.1085338 0.0423573 -0.9653810 0.3916611 0.1086810 0.0591458 -0.6574738 0.0881253 0.3877675 -0.8554716 -0.0732580 0.0730347 0.3983411 0.3694390 0.1088097 0.0608185 0.3912934 0.0763767 0.3900545 -0.4721951 0.3916812 0.3800249 0.3915629 0.0519811 0.3905740 -0.4727395 0.3874047 -0.3012543 0.3914895 0.1078100 0.3865504 -0.6372068 0.3800249 0.0591566 0.3872165 0.3900018 -0.4369264 0.3899915 0.3694390 0.3908202 0.3874106 -0.2653351 0.0759743 -0.9178746 0.0766958 -0.2372688 0.0752994 0.0746944 -0.9178475
0.0560707 0.0560011 -0.1261853 -1.3817228 0.0690068 0.3693506 0.3678972 -0.6532832 -0.2006071 0.3687511 0.0880855 0.3695073 -0.8583457 0.0689582 -0.4997889 0.3692884 0.3694524 0.0565141 0.0871755 0.0562111 0.0440677 0.3498319 0.3498319 0.0561641 0.0242928 0.0690546 -0.1489864 -0.7264932 -0.5611333 0.0879784 0.0251846 -0.8982311 0.3694474 0.0881272 0.0417925 -0.6260956 0.0690334 0.3659480 -0.7969664 -0.0793879 0.0531473 0.3694390 0.4334535 0.0882462 0.0419875 0.3691195 0.0560011 0.3680068 -0.4226046 0.3695129 0.3592650 0.3693603 0.0339979 0.3686019 -0.4446377 0.3658231 -0.2854138 0.3693067 0.0873087 0.3651055 -0.5793390 0.3592650 0.0418031 0.3661371 0.3680597 -0.3803862 0.3680503 0.3498319 0.3687029 0.3658286 -0.2174145 0.0556448 -0.8583365 0.0563438 -0.2175506 0.0550361 0.0545047 -0.8583130
0.4478410 0.4479129 -0.3827382 -1.8091663 0.4053307 0.1109601 0.1099407 -1.0265570 0.1649914 0.1105733 0.4134238 0.1104673 -0.6305546 0.4052757 -0.8164281 0.1107398 0.1109997 0.4444821 0.4127235 0.4476673 0.3980631 0.0882462 0.0882462 0.4468088 0.4120846 0.4053748 0.2201141 -0.3986360 -0.8861040 0.4133731 0.4130093 -0.6991560 0.1110084 0.4131679 0.3964986 -0.2863517 0.4053705 0.1089644 -0.4932921 0.2980511 0.4411266 0.1088097 0.0882462 0.4433026 0.4320860 0.1108130 0.4479130 0.1102499 -0.7319711 0.1104721 0.1020176 0.1109296 0.4230422 0.1089348 -0.1029093 0.1062932 0.0698580 0.1107767 0.4130328 0.1042777 -0.9286360 0.1020176 0.3964891 0.1002031 0.1090018 -0.7283490 0.1089715 0.0882462 0.1103700 0.1063010 -0.5301778 0.4473706 -0.6305647 0.4470012 0.1302058 0.4466971 0.4457974 -0.6305079
0.4743312 0.4744196 -0.3786735 -1.7658355 0.4286604 0.0631714 0.0623605 -1.0290152 0.2368107 0.0628774 0.4323241 0.0626042 -0.5671030 0.4286061 -0.8157898 0.0629445 0.0631950 0.4708658 0.4318346 0.4741242 0.4269713 0.0419875 0.0419875 0.4732735 0.4452066 0.4287026 0.2918903 -0.3262032 -0.8869339 0.4322979 0.4461044 -0.6379824 0.0632055 0.4320570 0.4255679 -0.2139715 0.4287007 0.0617093 -0.4213601 0.3509891 0.4683264 0.0608185 0.0419875 0.4320860 0.5006681 0.0630624 0.4744196 0.0626875 -0.7309818 0.0626086 0.0555619 0.0631366 0.4546063 0.0611247 -0.0095972 0.0588068 0.1416106 0.0629832 0.4321080 0.0566913 -0.9311278 0.0555619 0.4255561 0.0521042 0.0613109 -0.7313280 0.0612785 0.0419875 0.0626587 0.0588146 -0.5302362 0.4739590 -0.5671154 0.4734211 0.2018291 0.4734029 0.4726464 -0.5670552
0.0786930 0.0786234 -0.1577654 -1.5206383 0.0901434 0.3914384 0.3897931 -0.7384319 -0.2039344 0.3907568 0.1106537 0.3915477 -0.9195778 0.0900930 -0.5566292 0.3913480 0.3915481 0.0789878 0.1096595 0.0788320 0.0635840 0.3691195 0.3691195 0.0787386 0.0436651 0.0901959 -0.1488249 -0.7673695 -0.6139596 0.1105386 0.0445969 -0.9683226 0.3915437 0.1106846 0.0612648 -0.6553100 0.0901737 0.3876218 -0.8568941 -0.0711070 0.0752684 0.3912934 0.3691195 0.1108130 0.0630624 0.3956533 0.0786234 0.3899234 -0.4757380 0.3915536 0.3797589 0.3914446 0.0542235 0.3904192 -0.4715507 0.3872137 -0.2990696 0.3913678 0.1098162 0.3863520 -0.6409985 0.3797589 0.0612754 0.3869229 0.3898491 -0.4407125 0.3898387 0.3691195 0.3906951 0.3872196 -0.2689727 0.0782203 -0.9195688 0.0789379 -0.2383391 0.0775447 0.0769393 -0.9195412
0.4901880 0.4902762 -0.4085022 -1.8421799 0.4414861 0.0787568 0.0778096 -1.0595233 0.2073259 0.0784039 0.4481533 0.0781951 -0.5973440 0.4414304 -0.8461998 0.0785217 0.0787883 0.4864098 0.4474868 0.4899784 0.4364332 0.0560011 0.0560011 0.4890321 0.4543498 0.4415292 0.2624499 -0.3563143 -0.9173555 0.4481101 0.4552737 -0.6682052 0.0787985 0.4478644 0.4349553 -0.2440248 0.4415269 0.0769707 -0.4515198 0.3404078 0.4830964 0.0763767 0.0560011 0.4479130 0.4744196 0.0786234 0.4903552 0.0781392 -0.7613352 0.0781997 0.0701312 0.0787221 0.4653527 0.0766166 -0.0605889 0.0740405 0.1121901 0.0785605 0.4478137 0.0718925 -0.9616023 0.0701312 0.4349437 0.0672860 0.0767567 -0.7613090 0.0767241 0.0560011 0.0781844 0.0740485 -0.5601047 0.4897179 -0.5973564 0.4892238 0.1725490 0.4890448 0.4881113 -0.5972962
0.0782087 0.0781392 -0.1558881 -1.5158032 0.0896975 0.3901866 0.3885537 -0.7350733 -0.2028366 0.3895107 0.1100909 0.3902983 -0.9170263 0.0896469 -0.5547366 0.3900979 0.3902958 0.0785097 0.1091031 0.0783474 0.0632750 0.3680068 0.3680068 0.0782564 0.0434074 0.0897497 -0.1477657 -0.7657012 -0.6136236 0.1099765 0.0443383 -0.9652924 0.3902915 0.1101222 0.0609591 -0.6541938 0.0897275 0.3863981 -0.8542584 -0.0706624 0.0748168 0.3900545 0.3680068 0.1102499 0.0626875 0.3899234 0.0781392 0.3966026 -0.4738891 0.3903042 0.3786125 0.3901930 0.0539116 0.3891837 -0.4693274 0.3860041 -0.2979886 0.3901177 0.1092582 0.3851436 -0.6391287 0.3786125 0.0609698 0.3857431 0.3886161 -0.4388520 0.3886056 0.3680068 0.3894490 0.3860100 -0.2671038 0.0777394 -0.9170173 0.0784542 -0.2358840 0.0770680 0.0764679 -0.9169897
-0.7612759 -0.7613352 0.1455512 4.0018802 -0.7098103 -0.4761668 -0.4731764 2.1783504 -0.1484065 -0.4750118 -0.7321582 -0.4753590 1.6287873 -0.7095633 1.9125656 -0.4756980 -0.4763291 -0.7568970 -0.7306536 -0.7611169 -0.6858917 -0.4226046 -0.4226046 -0.7598963 -0.6910858 -0.7098355 -0.3173102 1.4499142 2.3751163 -0.7320192 -0.6915841 1.7254295 -0.4763420 -0.7318316 -0.6800503 1.3704627 -0.7098174 -0.4699562 1.1911123 -0.4576049 -0.7503901 -0.4721951 -0.4226046 -0.7319711 -0.7309818 -0.4757380 -0.7613352 -0.4738891 1.9402508 -0.4753755 -0.4520630 -0.4761198 -0.7134165 -0.4717918 0.4117234 -0.4647297 0.1249335 -0.4758022 -0.7311494 -0.4602128 1.8820484 -0.4520630 -0.6800438 -0.4534523 -0.4715408 1.0941482 -0.4715228 -0.4226046 -0.4745788 -0.4647335 1.1036900 -0.7603762 1.6287960 -0.7602692 -0.0527006 -0.7591123 -0.7575089 1.6287564
