0.6995262 -0.2560584 -0.2385636 -0.1886880 0.5306445 0.4988340 0.4803168 -0.1851720 -0.1859549 -0.1810171 0.5000632 -0.1829475 -0.1929891 -0.1747059 -0.0823961 -0.1896781 -0.1675700 -0.1961261 -0.1879588 -0.1743355 -0.1886287 -0.2006703 -0.2205138 -0.1925615 -0.2511891 0.5199566 0.4901929 -0.1844984 0.5064791 -0.1848628 -0.1809298 0.3464091 0.5172477 -0.1875420 -0.1911542 -0.1971092 -0.1920871 -0.2066319 -0.1777209 -0.2063036 -0.2198272 -0.1843588 -0.1848903 -0.2039029 -0.1891581 0.4637546 -0.2560798 0.5378111 0.4022720 -0.1836542 -0.1961825 0.4641159 -0.1857799 0.2945876 -0.1906409 -0.1942208 -0.2007532 -0.2022876 -0.1651712 -0.2107961 -0.1945263 -0.2360331 0.3021138 -0.1988661 -0.1982626 -0.2418933 -0.2404118 -0.2101297 -0.1956372 -0.2049023 -0.1974238 -0.1912362 0.6331738 -0.2589168 0.4809637 -0.1721709 0.6009626 0.6361871
-0.2560584 1.0446601 -0.1365299 -0.0037152 -0.2303894 -0.2685342 -0.2626695 -0.0843732 0.0417503 0.0001444 -0.2200984 0.0162726 0.0273389 -0.0144637 -0.1301720 0.0052121 0.0448231 0.0278796 0.0213815 0.0031814 -0.0195947 0.0264462 -0.0727377 0.0292441 0.1020241 -0.2692694 -0.2561800 -0.0118992 -0.2653713 0.0126918 0.0091850 -0.2371823 -0.1709331 0.0124853 -0.0009263 0.0002939 0.0652534 -0.0994083 0.0374427 0.0100575 0.4253357 0.0104569 -0.1018375 0.0204698 0.0372729 -0.2647600 1.0350406 -0.2679412 -0.2483163 0.0354195 0.0942651 -0.2556190 -0.0372537 -0.2378648 -0.0221222 -0.0511791 -0.0071198 0.0179494 0.0065691 -0.1070262 0.0356154 0.1792536 -0.2387495 -0.0430719 0.0331101 0.6937747 0.4620333 -0.0110864 0.0045435 -0.0250285 0.0635991 0.0432364 -0.2839076 0.9982000 -0.2522213 0.0158210 -0.2804207 -0.2554099
-0.2385636 -0.1365299 0.5451084 0.1252834 -0.1637026 -0.1956124 -0.1208950 0.1873101 0.0037418 0.0439337 -0.1694703 0.0067633 -0.0020022 0.0622423 0.2471209 0.0410688 -0.0168598 0.0139302 -0.0057524 0.0090358 0.1202460 0.0370306 0.1961403 -0.0016081 0.2277686 -0.1957605 -0.1728304 0.0297588 -0.1504354 0.0521389 0.0137314 -0.0472755 -0.1953253 0.0121723 0.0561374 0.0611024 0.0212625 0.2303851 0.0318763 0.0893209 -0.0075811 0.0199557 0.2166317 0.0489121 0.0628814 -0.1376706 -0.1363605 -0.2048510 -0.1230381 0.0059758 0.1074206 -0.1265558 0.1258950 -0.0114316 0.0745170 0.1340447 0.0585033 0.0617731 0.0159656 0.2425081 -0.0067687 0.1753491 0.0080611 0.1382696 0.0600106 -0.0825482 0.0407058 0.1262184 0.0703797 0.1116144 0.0114130 0.0019479 -0.2382852 -0.1264285 -0.2070546 0.0421399 -0.2164946 -0.2152591
-0.1886880 -0.0037152 0.1252834 0.5985700 -0.1498349 -0.1632133 -0.1411697 0.0713152 0.0516531 0.0501011 -0.1463474 0.0360785 0.0453068 0.0578451 0.0428212 0.0480818 0.0306303 0.0408119 0.0394306 0.0511213 0.0653196 0.0503314 0.0834073 0.0447134 0.0898438 -0.1662396 -0.1553904 0.0422746 -0.1495266 0.0486383 0.0416845 -0.0987175 -0.1425118 0.0464172 0.0717417 0.0600161 0.0464093 0.0874940 0.0422156 0.0772810 0.0473515 0.0573860 0.0815174 0.0650592 0.0485069 -0.1465514 -0.0035568 -0.1704153 -0.1267642 0.0553519 0.0532698 -0.1381833 0.0722122 -0.0856209 0.0603494 0.0745288 0.0587568 0.0555688 0.0432924 0.0888831 0.0439232 0.0745563 -0.0786530 0.0706561 0.0496699 0.0132218 0.0481472 0.0801434 0.0543147 0.0636035 0.0552283 0.0464562 -0.1880440 -0.0016207 -0.1617742 0.0504120 -0.1795533 -0.1784311
0.5306445 -0.2303894 -0.1637026 -0.1498349 0.5795841 0.3983572 0.4014583 -0.1470252 -0.1630650 -0.1521922 0.4176943 -0.1592258 -0.1692163 -0.1409662 -0.0539116 -0.1602420 -0.1468906 -0.1679710 -0.1642717 -0.1447422 -0.1516082 -0.1716973 -0.1744364 -0.1753019 -0.1991723 0.4207509 0.3957405 -0.1560751 0.4200008 -0.1526443 -0.1563627 0.3171537 0.4430794 -0.1619134 -0.1614472 -0.1595646 -0.1622933 -0.1613280 -0.1468148 -0.1693647 -0.1820083 -0.1560283 -0.1402924 -0.1711847 -0.1572260 0.3822921 -0.2303783 0.4306592 0.3273186 -0.1568709 -0.1592310 0.3867024 -0.1466098 0.2473767 -0.1579623 -0.1573269 -0.1689734 -0.1673136 -0.1427558 -0.1613144 -0.1693979 -0.1864627 0.2575262 -0.1603782 -0.1655466 -0.2078458 -0.1963449 -0.1709248 -0.1611614 -0.1650194 -0.1684477 -0.1663545 0.5044346 -0.2292577 0.3971627 -0.1430467 0.4912798 0.5058298
0.4988340 -0.2685342 -0.1956124 -0.1632133 0.3983572 0.6383510 0.4057225 -0.1536760 -0.1627756 -0.1489031 0.3934284 -0.1622898 -0.1764936 -0.1480735 -0.0384318 -0.1665986 -0.1496800 -0.1735284 -0.1720759 -0.1499665 -0.1588353 -0.1791691 -0.1866507 -0.1654475 -0.2180214 0.5056627 0.4683878 -0.1507145 0.4285320 -0.1533670 -0.1679640 0.2986510 0.3909790 -0.1655455 -0.1643491 -0.1694229 -0.1639177 -0.1735553 -0.1545361 -0.1778002 -0.2217387 -0.1669307 -0.1588414 -0.1834786 -0.1717235 0.4360295 -0.2683053 0.5042214 0.4572619 -0.1518633 -0.1704182 0.4044128 -0.1600082 0.3153209 -0.1626220 -0.1660048 -0.1741856 -0.1765402 -0.1422690 -0.1738450 -0.1698285 -0.2153679 0.2690862 -0.1697100 -0.1707904 -0.2488809 -0.2329128 -0.1804966 -0.1618786 -0.1771767 -0.1790924 -0.1713195 0.5171872 -0.2674595 0.5024552 -0.1478380 0.5026626 0.4725223
0.4803168 -0.2626695 -0.1208950 -0.1411697 0.4014583 0.4057225 0.5026084 -0.1258052 -0.1532971 -0.1435537 0.3600138 -0.1515816 -0.1629982 -0.1384207 -0.0337443 -0.1513634 -0.1455434 -0.1633204 -0.1602133 -0.1458685 -0.1400259 -0.1634167 -0.1517765 -0.1661903 -0.1785400 0.4253915 0.3984822 -0.1509235 0.4158780 -0.1468758 -0.1498585 0.2977536 0.3745534 -0.1579125 -0.1529595 -0.1568260 -0.1590028 -0.1377104 -0.1430869 -0.1613790 -0.2064620 -0.1540698 -0.1211891 -0.1665864 -0.1514297 0.3909237 -0.2625045 0.4338189 0.3353191 -0.1542668 -0.1477300 0.3874034 -0.1347211 0.2630268 -0.1484017 -0.1417514 -0.1614444 -0.1613291 -0.1392237 -0.1393559 -0.1637422 -0.1801424 0.2742490 -0.1434849 -0.1581987 -0.2373959 -0.2076314 -0.1577300 -0.1548429 -0.1558329 -0.1656631 -0.1636388 0.5009205 -0.2596183 0.3893323 -0.1369269 0.4873988 0.4597541
-0.1851720 -0.0843732 0.1873101 0.0713152 -0.1470252 -0.1536760 -0.1258052 0.5722890 0.0288205 0.0598168 -0.1383846 0.0564374 0.0505683 0.0536150 0.0858686 0.0532164 0.0228994 0.0502109 0.0449991 0.0380377 0.0791133 0.0494587 0.1067147 0.0439406 0.1044907 -0.1560420 -0.1446513 0.0570267 -0.1363862 0.0574113 0.0421583 -0.0824142 -0.1601819 0.0443543 0.0586056 0.0653637 0.0409141 0.1143386 0.0463053 0.0633898 -0.0097548 0.0487978 0.1109933 0.0573804 0.0592617 -0.1285652 -0.0843758 -0.1632667 -0.1146683 0.0394166 0.0598908 -0.1233764 0.0786046 -0.0598586 0.0667950 0.0834154 0.0587740 0.0626272 0.0411065 0.1239394 0.0473675 0.0732225 -0.0562776 0.0834015 0.0621889 -0.0490887 0.0070997 0.0855850 0.0681503 0.0869676 0.0400636 0.0415491 -0.1828946 -0.0786892 -0.1605948 0.0557771 -0.1726093 -0.1723990
-0.1859549 0.0417503 0.0037418 0.0516531 -0.1630650 -0.1627756 -0.1532971 0.0288205 0.6728407 0.0426436 -0.1518584 0.0513235 0.0637815 0.0627531 -0.0034125 0.0865289 0.0827270 0.0774801 0.0531892 0.0826819 0.0586006 0.0609952 0.0469577 0.0640131 0.0385358 -0.1681867 -0.1550280 0.0519601 -0.1610697 0.0773385 0.0632448 -0.1242452 -0.1633223 0.0678598 0.0494745 0.0486095 0.0730698 0.0458867 0.0686158 0.0734852 0.0802251 0.0658413 0.0444586 0.0558771 0.0645802 -0.1554401 0.0416849 -0.1705364 -0.1413853 0.0762571 0.0231773 -0.1563134 0.0479619 -0.1165783 0.0535219 0.0499071 0.0670624 0.0519747 0.0473856 0.0450567 0.0816805 0.0397149 -0.1189625 0.0458340 0.0500981 0.0219948 0.0478168 0.0627408 0.0461755 0.0479203 0.0496063 0.0815968 -0.1827613 0.0388917 -0.1555335 0.0501487 -0.1793141 -0.1784860
-0.1810171 0.0001444 0.0439337 0.0501011 -0.1521922 -0.1489031 -0.1435537 0.0598168 0.0426436 0.6522397 -0.1428985 0.0785805 0.0668999 0.0468257 0.0148727 0.0553812 0.0551503 0.0620416 0.0600686 0.0473575 0.0523737 0.0646183 0.0608121 0.0624846 0.0531523 -0.1537322 -0.1571206 0.0625654 -0.1477350 0.0636702 0.0423382 -0.1047334 -0.1466722 0.0625125 0.0531508 0.0632122 0.0657821 0.0656651 0.0427719 0.0521481 0.0039985 0.0620860 0.0548377 0.0561501 0.0643337 -0.1398479 -0.0000103 -0.1565119 -0.1328101 0.0637263 0.0432608 -0.1374359 0.0576942 -0.0986474 0.0640904 0.0504542 0.0695259 0.0699344 0.0497719 0.0585068 0.0688163 0.0367362 -0.0943424 0.0567045 0.0632674 0.0089327 0.0144769 0.0537099 0.0591449 0.0672330 0.0404272 0.0710738 -0.1815737 0.0014384 -0.1499885 0.0681812 -0.1740411 -0.1740481
0.5000632 -0.2200984 -0.1694703 -0.1463474 0.4176943 0.3934284 0.3600138 -0.1383846 -0.1518584 -0.1428985 0.6104528 -0.1426017 -0.1557241 -0.1349315 -0.0545047 -0.1515059 -0.1327847 -0.1580456 -0.1554136 -0.1355220 -0.1455757 -0.1575114 -0.1718419 -0.1549255 -0.1957525 0.3789569 0.4000913 -0.1429247 0.3804743 -0.1512658 -0.1502811 0.3124847 0.4409877 -0.1547782 -0.1515724 -0.1537975 -0.1517613 -0.1554079 -0.1485348 -0.1614321 -0.1772173 -0.1459860 -0.1406002 -0.1612673 -0.1476104 0.3927543 -0.2204906 0.3993658 0.3388991 -0.1436700 -0.1536922 0.3460995 -0.1437103 0.2363520 -0.1481319 -0.1492319 -0.1585175 -0.1607820 -0.1335861 -0.1595844 -0.1575245 -0.1797314 0.2294272 -0.1510554 -0.1537856 -0.2017359 -0.1918632 -0.1669192 -0.1538564 -0.1642720 -0.1571910 -0.1544963 0.4734816 -0.2210597 0.3816127 -0.1331524 0.4462098 0.4759583
-0.1829475 0.0162726 0.0067633 0.0360785 -0.1592258 -0.1622898 -0.1515816 0.0564374 0.0513235 0.0785805 -0.1426017 0.6713822 0.0819956 0.0443627 -0.0059636 0.0486117 0.0507642 0.0597632 0.0805157 0.0575536 0.0523770 0.0699774 0.0581300 0.0682524 0.0352887 -0.1663726 -0.1569419 0.0897774 -0.1595592 0.0680978 0.0571107 -0.1280600 -0.1598439 0.0544578 0.0553949 0.0792364 0.0572672 0.0481567 0.0476471 0.0497855 0.0229675 0.0676500 0.0409370 0.0671391 0.0613398 -0.1516978 0.0159591 -0.1682626 -0.1437594 0.0610426 0.0452551 -0.1518839 0.0469536 -0.1193222 0.0630203 0.0583801 0.0680855 0.0684103 0.0703490 0.0490516 0.0931742 0.0301147 -0.1120182 0.0591756 0.0726287 0.0242838 0.0077416 0.0568396 0.0832984 0.0764154 0.0786763 0.0604093 -0.1833056 0.0153572 -0.1566984 0.0577985 -0.1797620 -0.1756696
-0.1929891 0.0273389 -0.0020022 0.0453068 -0.1692163 -0.1764936 -0.1629982 0.0505683 0.0637815 0.0668999 -0.1557241 0.0819956 0.6895167 0.0464712 -0.0178788 0.0649285 0.0547077 0.0651401 0.0777793 0.0636405 0.0503987 0.0815141 0.0627352 0.0787989 0.0460011 -0.1725699 -0.1692917 0.0857812 -0.1664020 0.0601299 0.0618570 -0.1321335 -0.1705669 0.0741228 0.0676635 0.0733249 0.0734910 0.0454774 0.0581413 0.0650873 0.0253450 0.0761363 0.0393962 0.0694762 0.0651874 -0.1656081 0.0268664 -0.1779103 -0.1503802 0.0715546 0.0438730 -0.1620855 0.0488605 -0.1234898 0.0623325 0.0561143 0.0821179 0.0697587 0.0623016 0.0422324 0.0821543 0.0371693 -0.1236711 0.0562349 0.0795972 0.0218497 0.0274517 0.0614022 0.0721428 0.0672179 0.0894542 0.0747711 -0.1908284 0.0248335 -0.1664597 0.0546277 -0.1876657 -0.1858463
-0.1747059 -0.0144637 0.0622423 0.0578451 -0.1409662 -0.1480735 -0.1384207 0.0536150 0.0627531 0.0468257 -0.1349315 0.0443627 0.0464712 0.6096420 0.0228885 0.0862428 0.0589876 0.0835619 0.0472973 0.0575144 0.0496688 0.0578207 0.0702724 0.0749426 0.0559122 -0.1505842 -0.1447231 0.0554748 -0.1447982 0.0511214 0.0663865 -0.1040609 -0.1488125 0.0561093 0.0579825 0.0524776 0.0467119 0.0688176 0.0531195 0.0624434 0.0135016 0.0640197 0.0645481 0.0526551 0.0480258 -0.1394202 -0.0142812 -0.1538700 -0.1190031 0.0527160 0.0464607 -0.1347667 0.0640319 -0.0883880 0.0623928 0.0607139 0.0515710 0.0538666 0.0571480 0.0653244 0.0538301 0.0471433 -0.0916664 0.0612752 0.0427893 0.0094121 0.0191609 0.0695623 0.0547315 0.0617477 0.0541868 0.0566705 -0.1766365 -0.0140328 -0.1429858 0.0430048 -0.1685949 -0.1675973
-0.0823961 -0.1301720 0.2471209 0.0428212 -0.0539116 -0.0384318 -0.0337443 0.0858686 -0.0034125 0.0148727 -0.0545047 -0.0059636 -0.0178788 0.0228885 0.5076929 0.0092023 -0.0164601 -0.0028184 -0.0175477 0.0014115 0.0494760 0.0036738 0.0844191 -0.0099895 0.0838377 -0.0514692 -0.0442343 0.0056323 -0.0445818 0.0172145 -0.0085667 -0.0045027 -0.0736440 0.0000318 0.0154329 0.0187491 -0.0037487 0.1030839 0.0083619 0.0317562 -0.0454587 -0.0008867 0.0980219 0.0058738 0.0104084 -0.0365014 -0.1301270 -0.0549001 -0.0169742 -0.0032560 0.0409261 -0.0355782 0.0514387 0.0197542 0.0253549 0.0557532 0.0218378 0.0163383 0.0019127 0.1065364 -0.0156892 0.0524960 0.0175992 0.0594520 0.0173582 -0.0964366 -0.0279781 0.0480307 0.0201682 0.0413289 -0.0127769 -0.0098034 -0.0825059 -0.1245547 -0.0465860 0.0075685 -0.0714857 -0.0734883
-0.1896781 0.0052121 0.0410688 0.0480818 -0.1602420 -0.1665986 -0.1513634 0.0532164 0.0865289 0.0553812 -0.1515059 0.0486117 0.0649285 0.0862428 0.0092023 0.6525235 0.0679377 0.0849747 0.0685245 0.0718099 0.0586432 0.0744540 0.0716370 0.0728194 0.0508191 -0.1701911 -0.1616779 0.0521475 -0.1614936 0.0631614 0.0740966 -0.1211024 -0.1635226 0.0815597 0.0538347 0.0562765 0.0598874 0.0670694 0.0499982 0.0648435 0.0388867 0.0742613 0.0578403 0.0622085 0.0517755 -0.1545961 0.0051458 -0.1751833 -0.1379177 0.0552046 0.0435719 -0.1514279 0.0626491 -0.1100962 0.0653775 0.0724527 0.0707526 0.0641157 0.0645365 0.0637111 0.0489572 0.0420546 -0.1093534 0.0561780 0.0512111 0.0118010 0.0189054 0.0661577 0.0612492 0.0587546 0.0629793 0.0700171 -0.1908340 0.0071408 -0.1639235 0.0610797 -0.1838319 -0.1809494
-0.1675700 0.0448231 -0.0168598 0.0306303 -0.1468906 -0.1496800 -0.1455434 0.0228994 0.0827270 0.0551503 -0.1327847 0.0507642 0.0547077 0.0589876 -0.0164601 0.0679377 0.6903710 0.0742041 0.0744140 0.0670400 0.0392256 0.0657494 0.0495475 0.0703473 0.0294108 -0.1539919 -0.1442246 0.0363166 -0.1504870 0.0347432 0.0686348 -0.1152745 -0.1483181 0.0817477 0.0440286 0.0425693 0.0516356 0.0384896 0.0738214 0.0656266 0.0548723 0.0464264 0.0279638 0.0507616 0.0518221 -0.1441294 0.0449635 -0.1532875 -0.1301595 0.0668147 0.0197391 -0.1421375 0.0447159 -0.1161927 0.0532728 0.0306876 0.0522405 0.0549003 0.0521173 0.0305734 0.0658088 0.0321427 -0.1121593 0.0355064 0.0496916 0.0407237 0.0422386 0.0449817 0.0348369 0.0463455 0.0445100 0.0700659 -0.1663133 0.0442473 -0.1373537 0.0497904 -0.1638881 -0.1655981
-0.1961261 0.0278796 0.0139302 0.0408119 -0.1679710 -0.1735284 -0.1633204 0.0502109 0.0774801 0.0620416 -0.1580456 0.0597632 0.0651401 0.0835619 -0.0028184 0.0849747 0.0742041 0.6694245 0.0885659 0.0677678 0.0505110 0.0770196 0.0617725 0.0940093 0.0434197 -0.1782409 -0.1683746 0.0602795 -0.1700755 0.0491396 0.0865653 -0.1283186 -0.1679436 0.0787896 0.0639914 0.0714960 0.0641533 0.0493830 0.0628742 0.0655518 0.0256797 0.0671302 0.0468006 0.0649230 0.0671921 -0.1626888 0.0283106 -0.1797013 -0.1496017 0.0728069 0.0394389 -0.1632757 0.0556691 -0.1186810 0.0545705 0.0595349 0.0664567 0.0596708 0.0824706 0.0526245 0.0721160 0.0377036 -0.1226945 0.0647650 0.0553793 0.0442683 0.0213951 0.0637190 0.0547957 0.0579947 0.0750857 0.0651184 -0.1956568 0.0291533 -0.1703669 0.0566975 -0.1897206 -0.1895075
-0.1879588 0.0213815 -0.0057524 0.0394306 -0.1642717 -0.1720759 -0.1602133 0.0449991 0.0531892 0.0600686 -0.1554136 0.0805157 0.0777793 0.0472973 -0.0175477 0.0685245 0.0744140 0.0885659 0.6801438 0.0622848 0.0452134 0.0876708 0.0650110 0.0820351 0.0361678 -0.1719040 -0.1628270 0.0738636 -0.1650884 0.0604105 0.0841699 -0.1328398 -0.1701438 0.0871483 0.0797397 0.0772318 0.0649639 0.0439753 0.0551799 0.0468757 0.0250244 0.0574808 0.0422959 0.1655872 0.0564155 -0.1611958 0.0210773 -0.1730443 -0.1456079 0.0529460 0.0301895 -0.1567037 0.0510280 -0.1211186 0.0561291 0.0492677 0.0689057 0.0727199 0.0644567 0.0455588 0.0846059 0.0266757 -0.1205489 0.0494283 0.0553574 0.0206066 0.0263069 0.0546813 0.0832047 0.0561183 0.0774031 0.0664366 -0.1888228 0.0206559 -0.1655489 0.0491384 -0.1830929 -0.1790481
-0.1743355 0.0031814 0.0090358 0.0511213 -0.1447422 -0.1499665 -0.1458685 0.0380377 0.0826819 0.0473575 -0.1355220 0.0575536 0.0636405 0.0575144 0.0014115 0.0718099 0.0670400 0.0677678 0.0622848 0.6450666 0.0527265 0.0642041 0.0523422 0.0804000 0.0326516 -0.1549643 -0.1441510 0.0667314 -0.1492221 0.0698111 0.0765897 -0.1169636 -0.1572195 0.0630755 0.0509796 0.0560145 0.0441954 0.0505071 0.0470335 0.0722176 0.0415002 0.0737920 0.0398009 0.0648810 0.0542319 -0.1457210 0.0036955 -0.1583858 -0.1279186 0.0730507 0.0388096 -0.1448273 0.0535662 -0.1085337 0.0513794 0.0640130 0.0632064 0.0590042 0.0518905 0.0465070 0.0566392 0.0292199 -0.1112402 0.0604706 0.0530343 0.0107781 0.0075458 0.0594921 0.0624708 0.0464931 0.0694053 0.0687869 -0.1718139 0.0026570 -0.1440664 0.0508179 -0.1691354 -0.1683901
-0.1886287 -0.0195947 0.1202460 0.0653196 -0.1516082 -0.1588353 -0.1400259 0.0791133 0.0586006 0.0523737 -0.1455757 0.0523770 0.0503987 0.0496688 0.0494760 0.0586432 0.0392256 0.0505110 0.0452134 0.0527265 0.5860717 0.0691683 0.0839620 0.0470002 0.0836161 -0.1626272 -0.1540676 0.0514871 -0.1495343 0.0586453 0.0420102 -0.0997631 -0.1610157 0.0583913 0.0630634 0.0601539 0.0532778 0.0887512 0.0506493 0.0683246 0.0311159 0.0592012 0.0817742 0.0565495 0.0567660 -0.1444755 -0.0196778 -0.1664486 -0.1275623 0.0632416 0.0515998 -0.1350050 0.0658319 -0.0830000 0.0544731 0.0750844 0.0601382 0.0520724 0.0400441 0.0936163 0.0663367 0.0604494 -0.0807639 0.0781486 0.0793307 -0.0117863 0.0274949 0.0586868 0.0526374 0.0688204 0.0458578 0.0577448 -0.1875393 -0.0160277 -0.1574071 0.0495008 -0.1791978 -0.1777038
-0.2006703 0.0264462 0.0370306 0.0503314 -0.1716973 -0.1791691 -0.1634167 0.0494587 0.0609952 0.0646183 -0.1575114 0.0699774 0.0815141 0.0578207 0.0036738 0.0744540 0.0657494 0.0770196 0.0876708 0.0642041 0.0691683 0.6469476 0.0760249 0.0808495 0.0551770 -0.1789191 -0.1683725 0.0622596 -0.1667827 0.0599322 0.0738499 -0.1283334 -0.1688758 0.0917451 0.0735673 0.0619329 0.0511910 0.0593014 0.0493097 0.0546742 0.0365415 0.0622812 0.0563284 0.0808731 0.0677883 -0.1637558 0.0259822 -0.1809139 -0.1473365 0.0707130 0.0458307 -0.1576090 0.0535460 -0.1164538 0.0684239 0.0648470 0.0658568 0.0643498 0.0665202 0.0578152 0.0701559 0.0432119 -0.1112046 0.0581666 0.0645424 0.0280835 0.0344683 0.0581122 0.0625331 0.0610268 0.0586462 0.0645233 -0.1989344 0.0255888 -0.1703770 0.0526730 -0.1921925 -0.1910081
-0.2205138 -0.0727377 0.1961403 0.0834073 -0.1744364 -0.1866507 -0.1517765 0.1067147 0.0469577 0.0608121 -0.1718419 0.0581300 0.0627352 0.0702724 0.0844191 0.0716370 0.0495475 0.0617725 0.0650110 0.0523422 0.0839620 0.0760249 0.5724912 0.0534293 0.1146217 -0.1885372 -0.1761282 0.0595075 -0.1670336 0.0703925 0.0726849 -0.1051421 -0.1854627 0.0750857 0.0710800 0.0730844 0.0540288 0.1317354 0.0594057 0.0763511 0.0026056 0.0544520 0.1177009 0.0772220 0.0688894 -0.1582615 -0.0726327 -0.1931715 -0.1430547 0.0425841 0.0694767 -0.1526998 0.0860276 -0.0814598 0.0763433 0.0933183 0.0769572 0.0704670 0.0537444 0.1332173 0.0513647 0.0866960 -0.0746185 0.0972888 0.0797408 -0.0356257 0.0249034 0.0890132 0.0772486 0.0922192 0.0643471 0.0471060 -0.2180004 -0.0679245 -0.1869657 0.0589932 -0.2065884 -0.2066177
-0.1925615 0.0292441 -0.0016081 0.0447134 -0.1753019 -0.1654475 -0.1661903 0.0439406 0.0640131 0.0624846 -0.1549255 0.0682524 0.0787989 0.0749426 -0.0099895 0.0728194 0.0703473 0.0940093 0.0820351 0.0804000 0.0470002 0.0808495 0.0534293 0.6743978 0.0367074 -0.1736861 -0.1637729 0.0738868 -0.1693203 0.0596566 0.0902303 -0.1340985 -0.1686574 0.0690152 0.0580978 0.0685804 0.0573647 0.0461040 0.0472446 0.0557237 0.0215882 0.0790022 0.0350081 0.0711293 0.0607220 -0.1615204 0.0294338 -0.1752328 -0.1457111 0.0695938 0.0421515 -0.1618726 0.0490841 -0.1253807 0.0656374 0.0569835 0.0665281 0.0634455 0.0847161 0.0482313 0.0844631 0.0372910 -0.1227584 0.0540784 0.0605911 0.0409767 0.0303635 0.0618932 0.0642605 0.0590836 0.0665088 0.0733432 -0.1909629 0.0288806 -0.1703766 0.0566951 -0.1882270 -0.1858287
-0.2511891 0.1020241 0.2277686 0.0898438 -0.1991723 -0.2180214 -0.1785400 0.1044907 0.0385358 0.0531523 -0.1957525 0.0352887 0.0460011 0.0559122 0.0838377 0.0508191 0.0294108 0.0434197 0.0361678 0.0326516 0.0836161 0.0551770 0.1146217 0.0367074 0.6002179 -0.2222712 -0.2051176 0.0440593 -0.1972992 0.0550721 0.0378099 -0.1235391 -0.2030856 0.0414787 0.0585238 0.0601595 0.0535784 0.1178746 0.0498988 0.0738199 0.0863340 0.0429018 0.1118513 0.0653363 0.0665933 -0.1861009 0.1020833 -0.2269599 -0.1700860 0.0445063 0.1000186 -0.1789418 0.0839017 -0.0998626 0.0662981 0.0852189 0.0629574 0.0628703 0.0379960 0.1251647 0.0408344 0.1452673 -0.0919392 0.0885599 0.0696804 0.1111922 0.1195056 0.0923467 0.0661484 0.0822064 0.0471609 0.0425808 -0.2532159 0.1048791 -0.2203136 0.0525267 -0.2394150 -0.2363267
0.5199566 -0.2692694 -0.1957605 -0.1662396 0.4207509 0.5056627 0.4253915 -0.1560420 -0.1681867 -0.1537322 0.3789569 -0.1663726 -0.1725699 -0.1505842 -0.0514692 -0.1701911 -0.1539919 -0.1782409 -0.1719040 -0.1549643 -0.1626272 -0.1789191 -0.1885372 -0.1736861 -0.2222712 0.6149535 0.4499457 -0.1665077 0.4533279 -0.1625138 -0.1652182 0.3170969 0.4126967 -0.1705991 -0.1709004 -0.1707578 -0.1758373 -0.1756649 -0.1562338 -0.1819362 -0.2208550 -0.1671159 -0.1601402 -0.1847087 -0.1714969 0.4206154 -0.2695953 0.5451661 0.4086834 -0.1656568 -0.1705159 0.4324179 -0.1678841 0.3140762 -0.1664605 -0.1674987 -0.1778592 -0.1859781 -0.1505471 -0.1784517 -0.1753484 -0.2184284 0.2858486 -0.1732045 -0.1782287 -0.2469371 -0.2318754 -0.1831271 -0.1732491 -0.1817776 -0.1780264 -0.1745992 0.5399794 -0.2673429 0.5119470 -0.1548093 0.5255196 0.4981465
0.4901929 -0.2561800 -0.1728304 -0.1553904 0.3957405 0.4683878 0.3984822 -0.1446513 -0.1550280 -0.1571206 0.4000913 -0.1569419 -0.1692917 -0.1447231 -0.0442343 -0.1616779 -0.1442246 -0.1683746 -0.1628270 -0.1441510 -0.1540676 -0.1683725 -0.1761282 -0.1637729 -0.2051176 0.4499457 0.6018431 -0.1594004 0.4206471 -0.1537286 -0.1569408 0.2875414 0.3634132 -0.1631493 -0.1586228 -0.1629643 -0.1644220 -0.1617599 -0.1479578 -0.1708950 -0.2118938 -0.1587272 -0.1445022 -0.1735253 -0.1587632 0.4186346 -0.2562267 0.4458911 0.4054201 -0.1535440 -0.1610531 0.3809353 -0.1544079 0.2985929 -0.1578784 -0.1581991 -0.1690068 -0.1686924 -0.1382438 -0.1633800 -0.1678821 -0.2028241 0.2608911 -0.1608989 -0.1640055 -0.2362920 -0.2188266 -0.1730285 -0.1598782 -0.1727611 -0.1699206 -0.1653984 0.5125557 -0.2563769 0.5116921 -0.1438867 0.4904895 0.4667770
-0.1844984 -0.0118992 0.0297588 0.0422746 -0.1560751 -0.1507145 -0.1509235 0.0570267 0.0519601 0.0625654 -0.1429247 0.0897774 0.0857812 0.0554748 0.0056323 0.0521475 0.0363166 0.0602795 0.0738636 0.0667314 0.0514871 0.0622596 0.0595075 0.0738868 0.0440593 -0.1665077 -0.1594004 0.6551216 -0.1589293 0.0717284 0.0548733 -0.1165066 -0.1605865 0.0611345 0.0673898 0.0653124 0.0791451 0.0590275 0.0465969 0.0576691 0.0217285 0.0763841 0.0491199 0.0685936 0.0602449 -0.1529506 -0.0120312 -0.1692799 -0.1305576 0.0695054 0.0472868 -0.1492141 0.0500509 -0.1152572 0.0622572 0.0646597 0.0755604 0.0800734 0.0641263 0.0563496 0.0734510 0.0385166 -0.1068631 0.0667323 0.0577243 0.0129888 0.0082099 0.0590253 0.0784511 0.0768840 0.0743389 0.0696132 -0.1856425 -0.0106559 -0.1636739 0.0587090 -0.1788325 -0.1789362
0.5064791 -0.2653713 -0.1504354 -0.1495266 0.4200008 0.4285320 0.4158780 -0.1363862 -0.1610697 -0.1477350 0.3804743 -0.1595592 -0.1664020 -0.1447982 -0.0445818 -0.1614936 -0.1504870 -0.1700755 -0.1650884 -0.1492221 -0.1495343 -0.1667827 -0.1670336 -0.1693203 -0.1972992 0.4533279 0.4206471 -0.1589293 0.5400324 -0.1556686 -0.1584557 0.3124718 0.4040821 -0.1614781 -0.1584081 -0.1670412 -0.1651476 -0.1536347 -0.1501953 -0.1715267 -0.2152620 -0.1601966 -0.1341234 -0.1761852 -0.1585224 0.4136592 -0.2656429 0.4631246 0.3518350 -0.1607922 -0.1583720 0.4130016 -0.1456634 0.2748750 -0.1490940 -0.1532292 -0.1673133 -0.1667073 -0.1436911 -0.1564955 -0.1711259 -0.1952594 0.2803117 -0.1572593 -0.1662716 -0.2418238 -0.2183848 -0.1665784 -0.1622545 -0.1650568 -0.1741923 -0.1681528 0.5314329 -0.2640556 0.4112170 -0.1426584 0.5048195 0.4856263
-0.1848628 0.0126918 0.0521389 0.0486383 -0.1526443 -0.1533670 -0.1468758 0.0574113 0.0773385 0.0636702 -0.1512658 0.0680978 0.0601299 0.0511214 0.0172145 0.0631614 0.0347432 0.0491396 0.0604105 0.0698111 0.0586453 0.0599322 0.0703925 0.0596566 0.0550721 -0.1625138 -0.1537286 0.0717284 -0.1556686 0.6342157 0.0533724 -0.1176244 -0.1653710 0.0602531 0.0550466 0.0668955 0.0585705 0.0622772 0.0393580 0.0689598 0.0367625 0.0607671 0.0565556 0.0559968 0.0597771 -0.1510674 0.0128226 -0.1667828 -0.1290978 0.0662972 0.0394795 -0.1475106 0.0628266 -0.1069744 0.0618507 0.0691072 0.0710837 0.0617050 0.0492274 0.0651493 0.0676468 0.0439125 -0.0998921 0.0624894 0.0619157 0.0022321 0.0268467 0.0526633 0.0643144 0.0642433 0.0425382 0.0679154 -0.1864939 0.0145530 -0.1557574 0.0695286 -0.1791551 -0.1772250
-0.1809298 0.0091850 0.0137314 0.0416845 -0.1563627 -0.1679640 -0.1498585 0.0421583 0.0632448 0.0423382 -0.1502811 0.0571107 0.0618570 0.0663865 -0.0085667 0.0740966 0.0686348 0.0865653 0.0841699 0.0765897 0.0420102 0.0738499 0.0726849 0.0902303 0.0378099 -0.1652182 -0.1569408 0.0548733 -0.1584557 0.0533724 0.6729512 -0.1232207 -0.1421740 0.0886690 0.0531806 0.0639298 0.0513454 0.0567142 0.0711567 0.0527738 0.0259511 0.0728652 0.0465999 0.0719690 0.0568631 -0.1561702 0.0088764 -0.1688739 -0.1422850 0.0430530 0.0455811 -0.1501698 0.0396613 -0.1150862 0.0691053 0.0624787 0.0655636 0.0581821 0.0765740 0.0497539 0.0576971 0.0352140 -0.1094782 0.0607402 0.0475250 0.0313360 0.0200884 0.0553787 0.0455338 0.0562751 0.0765769 0.0725869 -0.1822119 0.0110504 -0.1570416 0.0518283 -0.1760566 -0.1734656
0.3464091 -0.2371823 -0.0472755 -0.0987175 0.3171537 0.2986510 0.2977536 -0.0824142 -0.1242452 -0.1047334 0.3124847 -0.1280600 -0.1321335 -0.1040609 -0.0045027 -0.1211024 -0.1152745 -0.1283186 -0.1328398 -0.1169636 -0.0997631 -0.1283334 -0.1051421 -0.1340985 -0.1235391 0.3170969 0.2875414 -0.1165066 0.3124718 -0.1176244 -0.1232207 0.4620653 0.3210718 -0.1228784 -0.1173088 -0.1162823 -0.1249283 -0.0879721 -0.1135238 -0.1202955 -0.1719986 -0.1180766 -0.0729306 -0.1276182 -0.1142552 0.2968368 -0.2363634 0.3266144 0.2430420 -0.1194731 -0.1082456 0.2968631 -0.0977162 0.2102583 -0.1077261 -0.0997985 -0.1242532 -0.1193655 -0.1116943 -0.0848344 -0.1341323 -0.1304319 0.2178745 -0.0984426 -0.1191913 -0.2067912 -0.1704508 -0.1122187 -0.1184544 -0.1130004 -0.1343455 -0.1310474 0.3627805 -0.2324941 0.2961756 -0.1081113 0.3540026 0.3349323
0.5172477 -0.1709331 -0.1953253 -0.1425118 0.4430794 0.3909790 0.3745534 -0.1601819 -0.1633223 -0.1466722 0.4409877 -0.1598439 -0.1705669 -0.1488125 -0.0736440 -0.1635226 -0.1483181 -0.1679436 -0.1701438 -0.1572195 -0.1610157 -0.1688758 -0.1854627 -0.1686574 -0.2030856 0.4126967 0.3634132 -0.1605865 0.4040821 -0.1653710 -0.1421740 0.3210718 0.6545640 -0.1641802 -0.1558203 -0.1704123 -0.1540822 -0.1772133 -0.1467763 -0.1656980 -0.1367947 -0.1596366 -0.1581818 -0.1513782 -0.1659111 0.3816493 -0.1715352 0.4354318 0.3024773 -0.1595116 -0.1638684 0.3764098 -0.1583178 0.2320503 -0.1607735 -0.1670184 -0.1766151 -0.1751587 -0.1620947 -0.1801624 -0.1714097 -0.1770601 0.2453544 -0.1677145 -0.1658003 -0.1540472 -0.1599819 -0.1655848 -0.1688357 -0.1766836 -0.1367286 -0.1694019 0.4917299 -0.1710254 0.3677779 -0.1469194 0.4703317 0.4902024
-0.1875420 0.0124853 0.0121723 0.0464172 -0.1619134 -0.1655455 -0.1579125 0.0443543 0.0678598 0.0625125 -0.1547782 0.0544578 0.0741228 0.0561093 0.0000318 0.0815597 0.0817477 0.0787896 0.0871483 0.0630755 0.0583913 0.0917451 0.0750857 0.0690152 0.0414787 -0.1705991 -0.1631493 0.0611345 -0.1614781 0.0602531 0.0886690 -0.1228784 -0.1641802 0.6585045 0.0634744 0.0565557 0.0596868 0.0618449 0.0618603 0.0663443 0.0390405 0.0749824 0.0511890 0.0674069 0.0616568 -0.1587819 0.0126687 -0.1700243 -0.1444265 0.0655086 0.0400501 -0.1551539 0.0545939 -0.1211153 0.0649446 0.0594761 0.0666351 0.0501056 0.0447812 0.0514280 0.0698225 0.0316343 -0.1176645 0.0579425 0.0539779 0.0221335 0.0299882 0.0487488 0.0487534 0.0549009 0.0773563 0.0789184 -0.1869488 0.0124490 -0.1604107 0.0613948 -0.1825757 -0.1808369
-0.1911542 -0.0009263 0.0561374 0.0717417 -0.1614472 -0.1643491 -0.1529595 0.0586056 0.0494745 0.0531508 -0.1515724 0.0553949 0.0676635 0.0579825 0.0154329 0.0538347 0.0440286 0.0639914 0.0797397 0.0509796 0.0630634 0.0735673 0.0710800 0.0580978 0.0585238 -0.1709004 -0.1586228 0.0673898 -0.1584081 0.0550466 0.0531806 -0.1173088 -0.1558203 0.0634744 0.6316330 0.0762583 0.0638561 0.0656842 0.0544443 0.0686025 0.0342660 0.0691130 0.0535497 0.0861140 0.0577970 -0.1521734 -0.0009943 -0.1734616 -0.1332768 0.0632788 0.0473436 -0.1502402 0.0627525 -0.1048505 0.0657367 0.0657029 0.0710093 0.0750742 0.0506450 0.0694902 0.0563838 0.0500195 -0.1025939 0.0670949 0.0551052 0.0144872 0.0391017 0.0617304 0.0696895 0.0695362 0.0802772 0.0479109 -0.1921797 0.0011777 -0.1679185 0.0500814 -0.1837090 -0.1829931
-0.1971092 0.0002939 0.0611024 0.0600161 -0.1595646 -0.1694229 -0.1568260 0.0653637 0.0486095 0.0632122 -0.1537975 0.0792364 0.0733249 0.0524776 0.0187491 0.0562765 0.0425693 0.0714960 0.0772318 0.0560145 0.0601539 0.0619329 0.0730844 0.0685804 0.0601595 -0.1707578 -0.1629643 0.0653124 -0.1670412 0.0668955 0.0639298 -0.1162823 -0.1704123 0.0565557 0.0762583 0.6315441 0.0525238 0.0715634 0.0497620 0.0663769 0.0172011 0.0727745 0.0617168 0.0735491 0.0680130 -0.1562308 -0.0000427 -0.1736147 -0.1424346 0.0634406 0.0525991 -0.1548878 0.0656254 -0.1065002 0.0695686 0.0649556 0.0713516 0.0702257 0.0666619 0.0708180 0.0683990 0.0477975 -0.0968759 0.0685759 0.0640860 0.0171892 0.0281614 0.0639599 0.0655747 0.0759845 0.0705547 0.0541433 -0.1957716 0.0007940 -0.1643877 0.0511320 -0.1897461 -0.1875394
-0.1920871 0.0652534 0.0212625 0.0464093 -0.1622933 -0.1639177 -0.1590028 0.0409141 0.0730698 0.0657821 -0.1517613 0.0572672 0.0734910 0.0467119 -0.0037487 0.0598874 0.0516356 0.0641533 0.0649639 0.0441954 0.0532778 0.0511910 0.0540288 0.0573647 0.0535784 -0.1758373 -0.1644220 0.0791451 -0.1651476 0.0585705 0.0513454 -0.1249283 -0.1540822 0.0596868 0.0638561 0.0525238 0.6666797 0.0484937 0.0567177 0.0572119 0.0443438 0.0598639 0.0378374 0.0624686 0.0497078 -0.1606784 0.0650746 -0.1818067 -0.1432751 0.0677307 0.0489435 -0.1585868 0.0417029 -0.1166296 0.0556252 0.0524708 0.0686340 0.0739759 0.0493611 0.0487792 0.0693447 0.0502768 -0.1182251 0.0515700 0.0710664 0.0443263 0.0480092 0.0528013 0.0749687 0.0581261 0.0699443 0.0722057 -0.1934096 0.0643531 -0.1709066 0.0638547 -0.1877192 -0.1842215
-0.2066319 -0.0994083 0.2303851 0.0874940 -0.1613280 -0.1735553 -0.1377104 0.1143386 0.0458867 0.0656651 -0.1554079 0.0481567 0.0454774 0.0688176 0.1030839 0.0670694 0.0384896 0.0493830 0.0439753 0.0505071 0.0887512 0.0593014 0.1317354 0.0461040 0.1178746 -0.1756649 -0.1617599 0.0590275 -0.1536347 0.0622772 0.0567142 -0.0879721 -0.1772133 0.0618449 0.0656842 0.0715634 0.0484937 0.5448524 0.0511211 0.0876030 -0.0032093 0.0595645 0.1299683 0.0670747 0.0661217 -0.1443539 -0.0992202 -0.1828691 -0.1291165 0.0425812 0.0683332 -0.1389419 0.0911475 -0.0645687 0.0761818 0.0987230 0.0770270 0.0614245 0.0441252 0.1446479 0.0398760 0.0922486 -0.0592300 0.1037633 0.0606769 -0.0561115 0.0115532 0.0932886 0.0693656 0.0898789 0.0415053 0.0478360 -0.2055922 -0.0925710 -0.1749774 0.0585260 -0.1937542 -0.1934493
-0.1777209 0.0374427 0.0318763 0.0422156 -0.1468148 -0.1545361 -0.1430869 0.0463053 0.0686158 0.0427719 -0.1485348 0.0476471 0.0581413 0.0531195 0.0083619 0.0499982 0.0738214 0.0628742 0.0551799 0.0470335 0.0506493 0.0493097 0.0594057 0.0472446 0.0498988 -0.1562338 -0.1479578 0.0465969 -0.1501953 0.0393580 0.0711567 -0.1135238 -0.1467763 0.0618603 0.0544443 0.0497620 0.0567177 0.0511211 0.6464974 0.0596989 0.0454800 0.0538678 0.0445350 0.0550404 0.0398653 -0.1463007 0.0370091 -0.1621371 -0.1334164 0.0561362 0.0361696 -0.1415747 0.0444131 -0.1059597 0.0516602 0.0475616 0.0587137 0.0610239 0.0568002 0.0488849 0.0532434 0.0459675 -0.1002090 0.0562921 0.0755928 0.0345989 0.0501818 0.0608330 0.0429048 0.0470820 0.0562396 0.0721967 -0.1767211 0.0387213 -0.1493614 0.0526178 -0.1697215 -0.1698430
-0.2063036 0.0100575 0.0893209 0.0772810 -0.1693647 -0.1778002 -0.1613790 0.0633898 0.0734852 0.0521481 -0.1614321 0.0497855 0.0650873 0.0624434 0.0317562 0.0648435 0.0656266 0.0655518 0.0468757 0.0722176 0.0683246 0.0546742 0.0763511 0.0557237 0.0738199 -0.1819362 -0.1708950 0.0576691 -0.1715267 0.0689598 0.0527738 -0.1202955 -0.1656980 0.0663443 0.0686025 0.0663769 0.0572119 0.0876030 0.0596989 0.6077030 0.0606829 0.0654659 0.0716600 0.0663951 0.0571834 -0.1610374 0.0100365 -0.1871976 -0.1466616 0.0646787 0.0527713 -0.1569080 0.0757307 -0.1076587 0.0612980 0.0758812 0.0703519 0.0676914 0.0477072 0.0851179 0.0705805 0.0719614 -0.1033578 0.0711645 0.0546301 0.0286287 0.0423969 0.0882032 0.0593313 0.0731094 0.0475922 0.0581932 -0.2060823 0.0114944 -0.1744975 0.0542768 -0.1977148 -0.1957404
-0.2198272 0.4253357 -0.0075811 0.0473515 -0.1820083 -0.2217387 -0.2064620 -0.0097548 0.0802251 0.0039985 -0.1772173 0.0229675 0.0253450 0.0135016 -0.0454587 0.0388867 0.0548723 0.0256797 0.0250244 0.0415002 0.0311159 0.0365415 0.0026056 0.0215882 0.0863340 -0.2208550 -0.2118938 0.0217285 -0.2152620 0.0367625 0.0259511 -0.1719986 -0.1367947 0.0390405 0.0342660 0.0172011 0.0443438 -0.0032093 0.0454800 0.0606829 0.7765815 0.0292599 -0.0090715 0.0463691 0.0381419 -0.2066764 0.4251803 -0.2257727 -0.1953058 0.0450772 0.0223945 -0.2011392 0.0169234 -0.1649219 0.0142693 0.0143525 0.0123365 0.0356495 0.0173832 -0.0028490 0.0406909 0.1650609 -0.1623653 0.0131382 0.0327765 0.3638110 0.2893009 0.0397215 0.0129975 0.0110319 0.0534547 0.0349516 -0.2426914 0.4185239 -0.2141771 0.0307297 -0.2349149 -0.2108177
-0.1843588 0.0104569 0.0199557 0.0573860 -0.1560283 -0.1669307 -0.1540698 0.0487978 0.0658413 0.0620860 -0.1459860 0.0676500 0.0761363 0.0640197 -0.0008867 0.0742613 0.0464264 0.0671302 0.0574808 0.0737920 0.0592012 0.0622812 0.0544520 0.0790022 0.0429018 -0.1671159 -0.1587272 0.0763841 -0.1601966 0.0607671 0.0728652 -0.1180766 -0.1596366 0.0749824 0.0691130 0.0727745 0.0598639 0.0595645 0.0538678 0.0654659 0.0292599 0.6401871 0.0395816 0.0587574 0.0570814 -0.1521041 0.0108312 -0.1705502 -0.1360416 0.0771354 0.0429772 -0.1531051 0.0565188 -0.1159791 0.0657420 0.0679168 0.0749724 0.0619994 0.0565808 0.0568345 0.0728040 0.0407204 -0.1113581 0.0605050 0.0531932 0.0247316 0.0141726 0.0615946 0.0533097 0.0635961 0.0661203 0.0677714 -0.1849650 0.0117158 -0.1598590 0.0505078 -0.1798019 -0.1786854
-0.1848903 -0.1018375 0.2166317 0.0815174 -0.1402924 -0.1588414 -0.1211891 0.1109933 0.0444586 0.0548377 -0.1406002 0.0409370 0.0393962 0.0645481 0.0980219 0.0578403 0.0279638 0.0468006 0.0422959 0.0398009 0.0817742 0.0563284 0.1177009 0.0350081 0.1118513 -0.1601402 -0.1445022 0.0491199 -0.1341234 0.0565556 0.0465999 -0.0729306 -0.1581818 0.0511890 0.0535497 0.0617168 0.0378374 0.1299683 0.0445350 0.0716600 -0.0090715 0.0395816 0.5498865 0.0595325 0.0556043 -0.1261178 -0.1019521 -0.1657521 -0.1175429 0.0367144 0.0588930 -0.1222290 0.0860701 -0.0554141 0.0739036 0.0914281 0.0693756 0.0622089 0.0406929 0.1354265 0.0334941 0.0829412 -0.0453258 0.0897093 0.0630721 -0.0640298 0.0046682 0.0876765 0.0682336 0.0817466 0.0362252 0.0397490 -0.1813459 -0.0975510 -0.1602314 0.0453248 -0.1717324 -0.1721587
-0.2039029 0.0204698 0.0489121 0.0650592 -0.1711847 -0.1834786 -0.1665864 0.0573804 0.0558771 0.0561501 -0.1612673 0.0671391 0.0694762 0.0526551 0.0058738 0.0622085 0.0507616 0.0649230 0.1655872 0.0648810 0.0565495 0.0808731 0.0772220 0.0711293 0.0653363 -0.1847087 -0.1735253 0.0685936 -0.1761852 0.0559968 0.0719690 -0.1276182 -0.1513782 0.0674069 0.0861140 0.0735491 0.0624686 0.0670747 0.0550404 0.0663951 0.0463691 0.0587574 0.0595325 0.6475432 0.0600012 -0.1681857 0.0203421 -0.1896531 -0.1541969 0.0450648 0.0440883 -0.1662983 0.0553517 -0.1167188 0.0582891 0.0624497 0.0773939 0.0780525 0.0610629 0.0633876 0.0591539 0.0528977 -0.1167188 0.0586087 0.0532381 0.0312314 0.0448081 0.0754121 0.0794561 0.0596962 0.0914222 0.0564533 -0.2099950 0.0211374 -0.1788554 0.0567562 -0.2015059 -0.1942492
-0.1891581 0.0372729 0.0628814 0.0485069 -0.1572260 -0.1717235 -0.1514297 0.0592617 0.0645802 0.0643337 -0.1476104 0.0613398 0.0651874 0.0480258 0.0104084 0.0517755 0.0518221 0.0671921 0.0564155 0.0542319 0.0567660 0.0677883 0.0688894 0.0607220 0.0665933 -0.1714969 -0.1587632 0.0602449 -0.1585224 0.0597771 0.0568631 -0.1142552 -0.1659111 0.0616568 0.0577970 0.0680130 0.0497078 0.0661217 0.0398653 0.0571834 0.0381419 0.0570814 0.0556043 0.0600012 0.6342573 -0.1518906 0.0376675 -0.1743567 -0.1380067 0.0418416 0.0407363 -0.1530457 0.0556183 -0.1036206 0.0581247 0.0603839 0.0664759 0.0491862 0.0541991 0.0638307 0.0598439 0.0563090 -0.1014525 0.0612882 0.0636640 0.0439339 0.0495672 0.0524452 0.0562022 0.0739842 0.0557935 0.0559806 -0.1904473 0.0388579 -0.1637961 0.0520748 -0.1835415 -0.1814917
0.4637546 -0.2647600 -0.1376706 -0.1465514 0.3822921 0.4360295 0.3909237 -0.1285652 -0.1554401 -0.1398479 0.3927543 -0.1516978 -0.1656081 -0.1394202 -0.0365014 -0.1545961 -0.1441294 -0.1626888 -0.1611958 -0.1457210 -0.1444755 -0.1637558 -0.1582615 -0.1615204 -0.1861009 0.4206154 0.4186346 -0.1529506 0.4136592 -0.1510674 -0.1561702 0.2968368 0.3816493 -0.1587819 -0.1521734 -0.1562308 -0.1606784 -0.1443539 -0.1463007 -0.1610374 -0.2066764 -0.1521041 -0.1261178 -0.1681857 -0.1518906 0.5392786 -0.2650873 0.4411820 0.3626597 -0.1511641 -0.1505142 0.3901142 -0.1398521 0.2754979 -0.1472522 -0.1426051 -0.1613751 -0.1592332 -0.1382119 -0.1436640 -0.1644733 -0.1861767 0.2663027 -0.1483360 -0.1568368 -0.2421677 -0.2127125 -0.1585881 -0.1560789 -0.1616867 -0.1643586 -0.1632047 0.4890878 -0.2622440 0.4271799 -0.1389912 0.4695468 0.4460369
-0.2560798 1.0350406 -0.1363605 -0.0035568 -0.2303783 -0.2683053 -0.2625045 -0.0843758 0.0416849 -0.0000103 -0.2204906 0.0159591 0.0268664 -0.0142812 -0.1301270 0.0051458 0.0449635 0.0283106 0.0210773 0.0036955 -0.0196778 0.0259822 -0.0726327 0.0294338 0.1020833 -0.2695953 -0.2562267 -0.0120312 -0.2656429 0.0128226 0.0088764 -0.2363634 -0.1715352 0.0126687 -0.0009943 -0.0000427 0.0650746 -0.0992202 0.0370091 0.0100365 0.4251803 0.0108312 -0.1019521 0.0203421 0.0376675 -0.2650873 1.0444394 -0.2682565 -0.2479350 0.0353381 0.0952808 -0.2554887 -0.0366083 -0.2368843 -0.0219805 -0.0512972 -0.0068726 0.0178970 0.0061428 -0.1071711 0.0354333 0.1791414 -0.2388038 -0.0431581 0.0330416 0.6938462 0.4616810 -0.0110281 0.0042983 -0.0249053 0.0637672 0.0433579 -0.2841591 0.9976876 -0.2516848 0.0164625 -0.2803814 -0.2554267
0.5378111 -0.2679412 -0.2048510 -0.1704153 0.4306592 0.5042214 0.4338189 -0.1632667 -0.1705364 -0.1565119 0.3993658 -0.1682626 -0.1779103 -0.1538700 -0.0549001 -0.1751833 -0.1532875 -0.1797013 -0.1730443 -0.1583858 -0.1664486 -0.1809139 -0.1931715 -0.1752328 -0.2269599 0.5451661 0.4458911 -0.1692799 0.4631246 -0.1667828 -0.1688739 0.3266144 0.4354318 -0.1700243 -0.1734616 -0.1736147 -0.1818067 -0.1828691 -0.1621371 -0.1871976 -0.2257727 -0.1705502 -0.1657521 -0.1896531 -0.1743567 0.4411820 -0.2682565 0.6270856 0.4043213 -0.1650183 -0.1772788 0.4423365 -0.1699612 0.3090216 -0.1701405 -0.1737220 -0.1845950 -0.1885312 -0.1534369 -0.1853392 -0.1791647 -0.2238806 0.2899418 -0.1776506 -0.1820867 -0.2495819 -0.2379380 -0.1881239 -0.1767236 -0.1858802 -0.1820108 -0.1756453 0.5628598 -0.2687154 0.5114086 -0.1567783 0.5386317 0.5103172
0.4022720 -0.2483163 -0.1230381 -0.1267642 0.3273186 0.4572619 0.3353191 -0.1146683 -0.1413853 -0.1328101 0.3388991 -0.1437594 -0.1503802 -0.1190031 -0.0169742 -0.1379177 -0.1301595 -0.1496017 -0.1456079 -0.1279186 -0.1275623 -0.1473365 -0.1430547 -0.1457111 -0.1700860 0.4086834 0.4054201 -0.1305576 0.3518350 -0.1290978 -0.1422850 0.2430420 0.3024773 -0.1444265 -0.1332768 -0.1424346 -0.1432751 -0.1291165 -0.1334164 -0.1466616 -0.1953058 -0.1360416 -0.1175429 -0.1541969 -0.1380067 0.3626597 -0.2479350 0.4043213 0.5449979 -0.1329926 -0.1345474 0.3235355 -0.1231012 0.2664374 -0.1337635 -0.1325719 -0.1454920 -0.1465888 -0.1198752 -0.1272880 -0.1467473 -0.1704204 0.2249354 -0.1339069 -0.1382871 -0.2272834 -0.1977605 -0.1419505 -0.1314970 -0.1432286 -0.1542012 -0.1483727 0.4249002 -0.2450097 0.4192341 -0.1264206 0.4070059 0.3893384
