0.8915108 -0.1776317 -0.1871827 -0.1121844 0.2643330 0.2381065 0.1665473 -0.1500283 -0.1465852 -0.0850779 0.2418409 -0.0618177 -0.0640201 -0.0636334 -0.1004920 -0.1551316 -0.0468449 -0.0644281 -0.0730694 -0.0715989 -0.0826120 -0.1566802 -0.1214586 -0.1480782 -0.1821113 0.2707124 0.2016060 -0.1567754 0.2092188 -0.0537994 -0.1501015 0.0892726 0.2033078 -0.1498962 -0.0623970 -0.0802986 -0.0563548 -0.1357986 -0.0606134 -0.0939841 -0.1641032 -0.0578719 -0.1223623 -0.1609340 -0.1630560 0.2219850 -0.1776443 0.3091919 0.2887156 -0.1475544 -0.0839768 0.1695286 -0.1011610 0.1255304 -0.0936646 -0.1008631 -0.0765433 -0.0816076 -0.1520617 -0.1458560 -0.0575503 -0.1803128 0.1433166 -0.1719569 -0.0786969 -0.1673934 -0.1764689 -0.1037968 -0.0887210 -0.0884008 -0.0738361 -0.1506456 0.3224363 -0.1815885 0.3181731 -0.0549545 0.1844906 0.8132526
-0.1776317 0.9313166 -0.1571809 -0.0756324 -0.1821795 -0.1260361 -0.1692790 -0.0876205 0.1496818 -0.0487889 -0.1721451 -0.0336244 -0.0334786 -0.0646309 -0.1133267 0.1248977 -0.0532988 -0.0420223 -0.0392391 -0.0244464 -0.0852736 0.1310338 -0.1172450 0.1481038 -0.0368843 -0.1604876 -0.1522618 0.1284491 -0.1718259 -0.0555336 0.1360570 -0.1487376 -0.1391292 0.1312906 -0.0561548 -0.0469225 -0.0500308 -0.1197993 -0.0489460 -0.0645715 0.3019421 -0.0469471 -0.1200377 0.1155411 0.1200994 -0.1691876 0.9189366 -0.1522885 -0.1876044 0.1350929 -0.0859700 -0.1540175 -0.0825320 -0.1657447 -0.0568408 -0.0839843 -0.0572276 -0.0633009 0.1335769 -0.1340126 -0.0294864 0.0609335 -0.1858405 0.0627341 -0.0481731 0.3337399 0.2454417 -0.0903600 -0.0622039 -0.0703451 -0.0356052 0.1453797 -0.1729645 0.8788488 -0.1701912 -0.0638293 -0.1477128 -0.1829947
-0.1871827 -0.1571809 0.5144997 0.1167212 -0.1239317 -0.1341908 -0.0699033 0.1971246 -0.0654047 0.0375894 -0.1370113 -0.0349281 -0.0152032 0.0433410 0.2572333 -0.0140667 -0.0262537 -0.0051831 -0.0080474 -0.0369626 0.1061547 -0.0087670 0.1785652 -0.0618872 0.2371851 -0.1311442 -0.1205284 -0.0229227 -0.0985290 0.0231017 -0.0313499 0.0145081 -0.1121579 -0.0444072 0.0412675 0.0419767 0.0100542 0.2150892 0.0191742 0.0780690 -0.0251932 0.0018541 0.2002571 0.0189670 0.0313090 -0.0786137 -0.1570022 -0.1186838 -0.0680291 -0.0399250 0.1082286 -0.0533726 0.1154290 0.0286271 0.0726353 0.1134029 0.0279349 0.0574977 -0.0205376 0.2347670 -0.0297343 0.1730525 0.0377715 0.1053791 0.0453823 -0.0792176 0.0423322 0.1254947 0.0644277 0.0888647 -0.0044456 -0.0579415 -0.1736670 -0.1454732 -0.1569469 0.0287132 -0.1441885 -0.1621811
-0.1121844 -0.0756324 0.1167212 0.5686882 -0.0770408 -0.0691204 -0.0607205 0.0692891 -0.0132726 0.0402168 -0.0809455 0.0219069 0.0205075 0.0311984 0.0585821 0.0001484 0.0269794 0.0226771 0.0243198 0.0222740 0.0465250 0.0012387 0.0665944 -0.0117548 0.0719692 -0.0807690 -0.0711780 -0.0009176 -0.0601863 0.0249988 -0.0032154 -0.0056331 -0.0576527 -0.0064728 0.0304935 0.0328953 0.0264616 0.0742840 0.0257120 0.0460065 -0.0196687 0.0261291 0.0691742 0.0062154 0.0113967 -0.0529113 -0.0753665 -0.0711842 -0.0590418 -0.0009707 0.0434232 -0.0372619 0.0503883 -0.0158356 0.0394542 0.0527571 0.0327072 0.0375725 -0.0040753 0.0823375 0.0192442 0.0482456 -0.0160429 0.0344463 0.0311334 -0.0316989 0.0030104 0.0572347 0.0395337 0.0420480 0.0260966 -0.0118222 -0.0938744 -0.0711123 -0.0856973 0.0267851 -0.0801309 -0.1031825
0.2643330 -0.1821795 -0.1239317 -0.0770408 0.7567530 0.1594397 0.2106353 -0.1038313 -0.1357010 -0.0662350 0.3490128 -0.0543724 -0.0458381 -0.0557035 -0.0598683 -0.1322023 -0.0467653 -0.0546949 -0.0594860 -0.0538656 -0.0636903 -0.1342237 -0.0825680 -0.1327783 -0.1316806 0.2415342 0.2044464 -0.1344261 0.2435960 -0.0442167 -0.1373007 0.0725440 0.1585747 -0.1326648 -0.0487175 -0.0554176 -0.0507120 -0.0873935 -0.0487005 -0.0674877 -0.1572192 -0.0451207 -0.0803725 -0.1349870 -0.1351549 0.1894674 -0.1825933 0.1678120 0.2196299 -0.1308098 -0.0542467 0.1630188 -0.0705685 0.1263424 -0.0712371 -0.0698486 -0.0375602 -0.0618392 -0.1336856 -0.0964148 -0.0596198 -0.1422733 0.1750691 -0.1347461 -0.0501773 -0.1552912 -0.1538113 -0.0740689 -0.0636914 -0.0635188 -0.0515464 -0.1308770 0.2796347 -0.1813124 0.2350263 -0.0500714 0.2505782 0.2510188
0.2381065 -0.1260361 -0.1341908 -0.0691204 0.1594397 0.7613561 0.1593564 -0.0978750 -0.0973532 -0.0536715 0.1827651 -0.0482210 -0.0504118 -0.0446042 -0.0572949 -0.0989679 -0.0305564 -0.0518747 -0.0442409 -0.0461006 -0.0746717 -0.0983450 -0.0841820 -0.0933735 -0.1245172 0.1865640 0.1623959 -0.0998824 0.1625363 -0.0412295 -0.0974884 0.0586089 0.1696808 -0.0918677 -0.0502771 -0.0518802 -0.0443492 -0.0898412 -0.0464208 -0.0635804 -0.1122630 -0.0331810 -0.0862977 -0.1022969 -0.1064142 0.1767185 -0.1259602 0.1767967 0.1327823 -0.0920434 -0.0565689 0.1234057 -0.0639755 0.1182647 -0.0722956 -0.0730440 -0.0503566 -0.0640851 -0.0925130 -0.0997648 -0.0375590 -0.1231530 0.0575972 -0.1103144 -0.0527396 -0.1142199 -0.1201311 -0.0686620 -0.0652621 -0.0606606 -0.0456209 -0.0941560 0.2000371 -0.1264335 0.2550565 -0.0485905 0.1881081 0.2233990
0.1665473 -0.1692790 -0.0699033 -0.0607205 0.2106353 0.1593564 0.6727343 -0.0755938 -0.1162970 -0.0613754 0.2339314 -0.0533557 -0.0439613 -0.0391759 -0.0310410 -0.1101397 -0.0365598 -0.0609127 -0.0536433 -0.0537931 -0.0600100 -0.1132826 -0.0606425 -0.1149133 -0.0958885 0.2091102 0.2182713 -0.1151725 0.2128425 -0.0471497 -0.1147653 0.0668169 0.1615286 -0.1126811 -0.0505762 -0.0370193 -0.0453275 -0.0606291 -0.0562908 -0.0623437 -0.1299746 -0.0473484 -0.0572136 -0.1091514 -0.1097061 0.1973876 -0.1692276 0.1455753 0.1614999 -0.1128880 -0.0337618 0.1264236 -0.0528711 0.0960146 -0.0611615 -0.0538692 -0.0497459 -0.0609603 -0.1108943 -0.0673111 -0.0621540 -0.1065590 0.1198121 -0.1041362 -0.0615911 -0.1367217 -0.1239258 -0.0631430 -0.0483853 -0.0545931 -0.0611440 -0.1147474 0.2617444 -0.1667415 0.2382955 -0.0325879 0.2222144 0.1573904
-0.1500283 -0.0876205 0.1971246 0.0692891 -0.1038313 -0.0978750 -0.0755938 0.5573273 -0.0024505 0.0379574 -0.1054175 0.0086535 0.0138426 0.0343024 0.1068450 0.0175705 0.0062225 0.0181489 0.0174219 0.0088026 0.0613453 0.0207967 0.0943327 0.0003274 0.1175772 -0.1066307 -0.0983173 0.0155782 -0.0869038 0.0263457 0.0104039 -0.0098958 -0.0857470 0.0074964 0.0337795 0.0332147 0.0205329 0.1071677 0.0234999 0.0517550 -0.0027266 0.0183919 0.1008264 0.0306575 0.0333156 -0.0773092 -0.0874871 -0.0960920 -0.0722303 0.0056882 0.0601408 -0.0533713 0.0656754 -0.0167045 0.0495988 0.0660556 0.0309461 0.0440086 0.0131236 0.1192081 0.0097033 0.0868256 -0.0155639 0.0665001 0.0348290 -0.0238775 0.0256179 0.0728769 0.0464436 0.0559807 0.0183199 0.0003735 -0.1345934 -0.0817648 -0.1168134 0.0270370 -0.1134272 -0.1357067
-0.1465852 0.1496818 -0.0654047 -0.0132726 -0.1357010 -0.0973532 -0.1162970 -0.0024505 0.6793410 -0.0033251 -0.1235818 0.0005363 -0.0077342 -0.0170815 -0.0364179 0.1239152 -0.0100868 -0.0037161 -0.0025386 0.0066309 -0.0203038 0.1228977 -0.0274476 0.1425168 0.0055871 -0.1190112 -0.1104595 0.1355571 -0.1279985 -0.0164553 0.1383911 -0.0869108 -0.1060857 0.1394027 -0.0051259 -0.0104990 -0.0065591 -0.0299339 -0.0090523 -0.0131632 0.1318343 -0.0055458 -0.0264379 0.1146572 0.1109621 -0.1267973 0.1493735 -0.1187970 -0.1305517 0.1450807 -0.0240910 -0.1083727 -0.0199826 -0.1071816 -0.0068222 -0.0190893 -0.0129228 -0.0106697 0.1327898 -0.0301964 0.0088956 0.0371097 -0.1135887 0.0721763 -0.0066790 0.1391026 0.0955711 -0.0200113 -0.0063631 -0.0140718 0.0013392 0.1534604 -0.1400522 0.1422277 -0.1279923 -0.0118852 -0.1133444 -0.1458284
-0.0850779 -0.0487889 0.0375894 0.0402168 -0.0662350 -0.0536715 -0.0613754 0.0379574 -0.0033251 0.5988668 -0.0668065 0.0313397 0.0253627 0.0270805 0.0182233 0.0006038 0.0308299 0.0332465 0.0317897 0.0336717 0.0321650 -0.0000249 0.0400603 -0.0041552 0.0327230 -0.0784862 -0.0637453 -0.0000404 -0.0599337 0.0244664 0.0014612 -0.0135766 -0.0563885 -0.0008838 0.0305382 0.0283381 0.0300064 0.0413292 0.0312856 0.0423500 -0.0165287 0.0291751 0.0397637 0.0003326 0.0004880 -0.0535092 -0.0488694 -0.0564919 -0.0532001 0.0008793 0.0293472 -0.0411397 0.0403776 -0.0260905 0.0363778 0.0329252 0.0327059 0.0377128 -0.0032359 0.0479493 0.0341497 0.0183613 -0.0327065 0.0126045 0.0339882 -0.0213509 -0.0056802 0.0415975 0.0316981 0.0320539 0.0324259 -0.0030817 -0.0854183 -0.0466716 -0.0596556 0.0280518 -0.0733120 -0.0808386
0.2418409 -0.1721451 -0.1370113 -0.0809455 0.3490128 0.1827651 0.2339314 -0.1054175 -0.1235818 -0.0668065 0.7714471 -0.0529777 -0.0306989 -0.0471147 -0.0564516 -0.1254594 -0.0374846 -0.0562349 -0.0586453 -0.0404587 -0.0697661 -0.1262931 -0.0833040 -0.1225601 -0.1358425 0.1901594 0.1972346 -0.1266626 0.2158986 -0.0480837 -0.1231575 0.0473807 0.1629819 -0.1273073 -0.0506178 -0.0418171 -0.0458048 -0.0885649 -0.0446151 -0.0686150 -0.1523766 -0.0281130 -0.0876791 -0.1286284 -0.1330851 0.1889749 -0.1721151 0.1786337 0.1972796 -0.1210821 -0.0537215 0.1541948 -0.0725243 0.1039571 -0.0736581 -0.0699352 -0.0433976 -0.0634317 -0.1234261 -0.0990558 -0.0545362 -0.1423305 0.1850538 -0.1326473 -0.0522987 -0.1492957 -0.1513084 -0.0768686 -0.0532552 -0.0671727 -0.0543896 -0.1262615 0.3053923 -0.1725367 0.2148057 -0.0513437 0.2039059 0.2261489
-0.0618177 -0.0336244 -0.0349281 0.0219069 -0.0543724 -0.0482210 -0.0533557 0.0086535 0.0005363 0.0313397 -0.0529777 0.6431330 0.0357268 0.0270923 -0.0194758 -0.0018681 0.0397907 0.0400995 0.0488358 0.0524241 0.0175630 -0.0075279 0.0141848 -0.0035037 -0.0057646 -0.0475944 -0.0456144 -0.0032781 -0.0353620 0.0208053 -0.0017813 -0.0098033 -0.0387115 0.0029306 0.0171702 0.0238775 0.0299398 0.0094325 0.0273462 0.0280047 -0.0252467 0.0259010 0.0122952 -0.0075398 -0.0100966 -0.0381258 -0.0332285 -0.0528994 -0.0441327 -0.0043214 0.0190382 -0.0311710 0.0219495 -0.0389966 0.0293060 0.0213277 0.0322795 0.0265438 -0.0062522 0.0152882 0.0501067 -0.0128148 -0.0417553 -0.0068620 0.0196219 -0.0205958 -0.0261182 0.0170338 0.0234663 0.0207255 0.0445067 -0.0011691 -0.0548215 -0.0331506 -0.0531269 0.0315251 -0.0384408 -0.0628732
-0.0640201 -0.0334786 -0.0152032 0.0205075 -0.0458381 -0.0504118 -0.0439613 0.0138426 -0.0077342 0.0253627 -0.0306989 0.0357268 0.6200038 0.0302512 -0.0084160 -0.0063823 0.0316378 0.0377084 0.0283501 0.0407997 0.0172203 -0.0084186 0.0193462 -0.0059536 0.0055659 -0.0567138 -0.0452054 -0.0027504 -0.0339335 0.0235377 -0.0044782 -0.0205524 -0.0367925 -0.0085251 0.0270834 0.0177271 0.0387322 0.0199686 0.0302935 0.0294659 -0.0233486 0.0324704 0.0142216 -0.0064708 -0.0063395 -0.0423595 -0.0333137 -0.0444665 -0.0440261 -0.0106466 0.0143834 -0.0275292 0.0184230 -0.0389038 0.0269601 0.0263811 0.0293378 0.0257072 -0.0062944 0.0179969 0.0390235 -0.0048983 -0.0275783 -0.0039442 0.0176309 -0.0237779 -0.0173541 0.0242140 0.0163829 0.0178080 0.0379780 -0.0051110 -0.0535827 -0.0309541 -0.0481610 0.0276171 -0.0358659 -0.0615383
-0.0636334 -0.0646309 0.0433410 0.0311984 -0.0557035 -0.0446042 -0.0391759 0.0343024 -0.0170815 0.0270805 -0.0471147 0.0270923 0.0302512 0.5892389 0.0209675 -0.0093491 0.0220559 0.0293361 0.0296508 0.0263724 0.0275081 -0.0077814 0.0389682 -0.0186962 0.0297292 -0.0486728 -0.0484572 -0.0110395 -0.0385809 0.0142853 -0.0089647 -0.0098741 -0.0323874 -0.0098722 0.0238748 0.0282779 0.0365906 0.0398896 0.0224219 0.0344191 -0.0263493 0.0209737 0.0350721 -0.0061303 -0.0070360 -0.0378454 -0.0646385 -0.0371868 -0.0385698 -0.0178515 0.0249257 -0.0270800 0.0294408 -0.0181431 0.0298089 0.0297944 0.0324619 0.0298752 -0.0139171 0.0443020 0.0173212 0.0144288 -0.0228479 0.0069735 0.0194402 -0.0338018 -0.0146045 0.0368488 0.0332791 0.0301324 0.0284474 -0.0122317 -0.0549491 -0.0615693 -0.0450718 0.0204800 -0.0487612 -0.0588934
-0.1004920 -0.1133267 0.2572333 0.0585821 -0.0598683 -0.0572949 -0.0310410 0.1068450 -0.0364179 0.0182233 -0.0564516 -0.0194758 -0.0084160 0.0209675 0.5086074 -0.0098375 -0.0122301 -0.0052010 -0.0051062 -0.0200647 0.0524944 -0.0100927 0.0927509 -0.0364658 0.1190057 -0.0654973 -0.0619227 -0.0146921 -0.0561371 0.0081447 -0.0179412 0.0028432 -0.0546753 -0.0239675 0.0223500 0.0179926 0.0022169 0.1135400 0.0110905 0.0408773 -0.0282854 -0.0014731 0.1044233 0.0061739 0.0136732 -0.0424548 -0.1133234 -0.0594729 -0.0231093 -0.0251069 0.0552938 -0.0235276 0.0586440 0.0146499 0.0368548 0.0568803 0.0147033 0.0278630 -0.0141759 0.1240576 -0.0169047 0.0808260 0.0204152 0.0488965 0.0231084 -0.0562433 0.0067509 0.0658743 0.0314539 0.0451126 -0.0021991 -0.0321387 -0.0955960 -0.1069819 -0.0748321 0.0127217 -0.0730574 -0.0879817
-0.1551316 0.1248977 -0.0140667 0.0001484 -0.1322023 -0.0989679 -0.1101397 0.0175705 0.1239152 0.0006038 -0.1254594 -0.0018681 -0.0063823 -0.0093491 -0.0098375 0.6263279 -0.0133894 -0.0040033 0.0009832 0.0018913 -0.0061670 0.1088821 -0.0041770 0.1177019 0.0322329 -0.1183892 -0.1074673 0.1183478 -0.1207635 -0.0126155 0.1155381 -0.0719741 -0.1040772 0.1164139 -0.0005563 -0.0063726 -0.0058696 -0.0051236 -0.0077469 -0.0012840 0.1070437 -0.0080285 -0.0050438 0.1003693 0.1060719 -0.1205695 0.1247912 -0.1188369 -0.1203125 0.1147360 -0.0109321 -0.0974076 0.0000023 -0.0886316 0.0040475 -0.0029944 -0.0041232 -0.0018823 0.1097402 -0.0026389 -0.0002342 0.0534854 -0.0969321 0.0789520 0.0038544 0.1216309 0.0894128 -0.0039708 -0.0012348 -0.0009846 0.0013822 0.1191347 -0.1416271 0.1226848 -0.1292405 -0.0145582 -0.1156534 -0.1499662
-0.0468449 -0.0532988 -0.0262537 0.0269794 -0.0467653 -0.0305564 -0.0365598 0.0062225 -0.0100868 0.0308299 -0.0374846 0.0397907 0.0316378 0.0220559 -0.0122301 -0.0133894 0.6371448 0.0269036 0.0423397 0.0387081 0.0134360 -0.0160035 0.0140008 -0.0125378 -0.0048824 -0.0363134 -0.0311873 -0.0098373 -0.0304084 0.0220550 -0.0103946 -0.0053254 -0.0229115 -0.0075633 0.0237238 0.0244555 0.0240072 0.0113206 0.0216730 0.0259013 -0.0334870 0.0302479 0.0101525 -0.0129697 -0.0149900 -0.0208340 -0.0533087 -0.0222456 -0.0357529 -0.0094831 0.0108699 -0.0152865 0.0195485 -0.0200207 0.0230323 0.0137060 0.0321099 0.0200286 -0.0137885 0.0129661 0.0295776 -0.0141211 -0.0330069 -0.0124610 0.0162731 -0.0279484 -0.0299252 0.0199971 0.0211510 0.0194109 0.0295119 -0.0125013 -0.0447701 -0.0520040 -0.0209822 0.0250706 -0.0367576 -0.0478130
-0.0644281 -0.0420223 -0.0051831 0.0226771 -0.0546949 -0.0518747 -0.0609127 0.0181489 -0.0037161 0.0332465 -0.0562349 0.0400995 0.0377084 0.0293361 -0.0052010 -0.0040033 0.0269036 0.6164319 0.0324940 0.0426741 0.0191158 -0.0056448 0.0296698 -0.0072493 0.0111536 -0.0604888 -0.0606661 -0.0056557 -0.0525669 0.0349967 -0.0029533 -0.0082605 -0.0351705 -0.0026300 0.0302481 0.0218937 0.0315228 0.0247576 0.0267150 0.0276885 -0.0231337 0.0306137 0.0240363 -0.0059128 -0.0059357 -0.0446842 -0.0417383 -0.0442228 -0.0449054 -0.0048918 0.0198270 -0.0262113 0.0228027 -0.0371190 0.0355645 0.0316975 0.0434089 0.0362195 -0.0030140 0.0268623 0.0446796 0.0013180 -0.0368623 0.0002824 0.0221876 -0.0202102 -0.0185604 0.0320749 0.0298988 0.0236067 0.0421944 -0.0035695 -0.0551447 -0.0394927 -0.0554826 0.0264303 -0.0694430 -0.0624452
-0.0730694 -0.0392391 -0.0080474 0.0243198 -0.0594860 -0.0442409 -0.0536433 0.0174219 -0.0025386 0.0317897 -0.0586453 0.0488358 0.0283501 0.0296508 -0.0051062 0.0009832 0.0423397 0.0324940 0.6167199 0.0432549 0.0219015 -0.0040752 0.0229505 -0.0028207 0.0068951 -0.0605830 -0.0483005 -0.0038338 -0.0470822 0.0319673 0.0014650 -0.0180106 -0.0361248 -0.0026182 0.0238327 0.0232001 0.0313194 0.0195177 0.0299625 0.0297917 -0.0234556 0.0271931 0.0208148 -0.0033136 -0.0062804 -0.0443026 -0.0392607 -0.0483071 -0.0425365 -0.0024481 0.0240187 -0.0375615 0.0219551 -0.0305231 0.0315925 0.0254865 0.0287657 0.0242326 -0.0047437 0.0244510 0.0358093 -0.0014219 -0.0404895 0.0024495 0.0201831 -0.0231155 -0.0178943 0.0261960 0.0266329 0.0239585 0.0359788 -0.0013249 -0.0491406 -0.0376806 -0.0534264 0.0274617 -0.0443762 -0.0712900
-0.0715989 -0.0244464 -0.0369626 0.0222740 -0.0538656 -0.0461006 -0.0537931 0.0088026 0.0066309 0.0336717 -0.0404587 0.0524241 0.0407997 0.0263724 -0.0200647 0.0018913 0.0387081 0.0426741 0.0432549 0.6465211 0.0172552 0.0052142 0.0143363 0.0056777 -0.0023932 -0.0731005 -0.0619735 0.0053316 -0.0517146 0.0285957 0.0007159 -0.0286281 -0.0277646 0.0065534 0.0247763 0.0265125 0.0291288 0.0089583 0.0301693 0.0309119 -0.0218715 0.0332961 0.0068205 0.0010728 -0.0045435 -0.0490252 -0.0243703 -0.0488975 -0.0615034 0.0046635 0.0147547 -0.0434307 0.0208876 -0.0443394 0.0265214 0.0190098 0.0296040 0.0266503 -0.0033378 0.0145241 0.0420239 -0.0098435 -0.0408658 -0.0033764 0.0226689 -0.0138966 -0.0200806 0.0235605 0.0321256 0.0199742 0.0462681 0.0078825 -0.0619711 -0.0243643 -0.0649354 0.0282075 -0.0547380 -0.0707377
-0.0826120 -0.0852736 0.1061547 0.0465250 -0.0636903 -0.0746717 -0.0600100 0.0613453 -0.0203038 0.0321650 -0.0697661 0.0175630 0.0172203 0.0275081 0.0524944 -0.0061670 0.0134360 0.0191158 0.0219015 0.0172552 0.5759010 -0.0052551 0.0634786 -0.0181631 0.0632859 -0.0560632 -0.0626675 -0.0100060 -0.0516939 0.0297139 -0.0141983 -0.0021692 -0.0415720 -0.0142216 0.0304662 0.0282634 0.0277123 0.0676335 0.0273959 0.0390424 -0.0287073 0.0231744 0.0648664 -0.0004653 0.0014223 -0.0514740 -0.0850482 -0.0484644 -0.0382524 -0.0149848 0.0412226 -0.0310570 0.0497875 -0.0151908 0.0420119 0.0492010 0.0319109 0.0412038 -0.0100930 0.0743099 0.0167633 0.0406773 -0.0108270 0.0265979 0.0288097 -0.0396735 -0.0056236 0.0530865 0.0377488 0.0393168 0.0212137 -0.0204730 -0.0708349 -0.0806790 -0.0739061 0.0287673 -0.0671071 -0.0743728
-0.1566802 0.1310338 -0.0087670 0.0012387 -0.1342237 -0.0983450 -0.1132826 0.0207967 0.1228977 -0.0000249 -0.1262931 -0.0075279 -0.0084186 -0.0077814 -0.0100927 0.1088821 -0.0160035 -0.0056448 -0.0040752 0.0052142 -0.0052551 0.6302696 -0.0034614 0.1271089 0.0359870 -0.1218171 -0.1100069 0.1165304 -0.1221496 -0.0096600 0.1100586 -0.0740021 -0.1055521 0.1222014 -0.0013297 -0.0022071 -0.0108995 -0.0043512 -0.0078031 -0.0012044 0.1117184 -0.0073923 -0.0019764 0.1044043 0.1036204 -0.1206613 0.1310177 -0.1227853 -0.1242738 0.1168840 -0.0126547 -0.1011087 -0.0029612 -0.0915700 -0.0016879 -0.0039561 -0.0049670 -0.0016336 0.1106834 -0.0006413 -0.0009364 0.0561009 -0.0951973 0.0828645 -0.0028900 0.1257555 0.0954978 -0.0053418 -0.0023481 -0.0069921 -0.0020213 0.1263335 -0.1449902 0.1271648 -0.1333105 -0.0163501 -0.1182490 -0.1504172
-0.1214586 -0.1172450 0.1785652 0.0665944 -0.0825680 -0.0841820 -0.0606425 0.0943327 -0.0274476 0.0400603 -0.0833040 0.0141848 0.0193462 0.0389682 0.0927509 -0.0041770 0.0140008 0.0296698 0.0229505 0.0143363 0.0634786 -0.0034614 0.5464723 -0.0245231 0.1020312 -0.0876071 -0.0784438 -0.0095149 -0.0676132 0.0318110 -0.0115777 -0.0015061 -0.0648666 -0.0174381 0.0386740 0.0350180 0.0273898 0.1039172 0.0303162 0.0542221 -0.0287563 0.0283710 0.0984166 0.0072333 0.0106389 -0.0565428 -0.1170558 -0.0712027 -0.0516094 -0.0135342 0.0595208 -0.0378477 0.0683912 -0.0075873 0.0521713 0.0696660 0.0357480 0.0468365 -0.0101237 0.1135854 0.0139476 0.0673428 -0.0052440 0.0436015 0.0401401 -0.0487080 0.0013689 0.0738676 0.0487343 0.0559368 0.0240446 -0.0214375 -0.1049037 -0.1101523 -0.0921105 0.0367604 -0.0893518 -0.1082335
-0.1480782 0.1481038 -0.0618872 -0.0117548 -0.1327783 -0.0933735 -0.1149133 0.0003274 0.1425168 -0.0041552 -0.1225601 -0.0035037 -0.0059536 -0.0186962 -0.0364658 0.1177019 -0.0125378 -0.0072493 -0.0028207 0.0056777 -0.0181631 0.1271089 -0.0245231 0.6792938 0.0069602 -0.1158389 -0.1053288 0.1350577 -0.1204343 -0.0176775 0.1357293 -0.0843890 -0.1012123 0.1369632 -0.0089327 -0.0068075 -0.0048186 -0.0304772 -0.0135556 -0.0113867 0.1206487 -0.0115231 -0.0266489 0.1133494 0.1104397 -0.1217618 0.1481942 -0.1192296 -0.1309874 0.1346527 -0.0243254 -0.1007672 -0.0148065 -0.1036245 -0.0050765 -0.0151270 -0.0073212 -0.0110226 0.1273657 -0.0268028 0.0050662 0.0376221 -0.1098375 0.0783799 -0.0043649 0.1382471 0.0914038 -0.0211272 -0.0109777 -0.0126741 -0.0033703 0.1419982 -0.1350293 0.1412473 -0.1291005 -0.0207869 -0.1103615 -0.1446120
-0.1821113 -0.0368843 0.2371851 0.0719692 -0.1316806 -0.1245172 -0.0958885 0.1175772 0.0055871 0.0327230 -0.1358425 -0.0057646 0.0055659 0.0297292 0.1190057 0.0322329 -0.0048824 0.0111536 0.0068951 -0.0023932 0.0632859 0.0359870 0.1020312 0.0069602 0.5543396 -0.1349716 -0.1233577 0.0295280 -0.1107829 0.0208816 0.0222447 -0.0210150 -0.1093006 0.0154214 0.0319954 0.0326255 0.0150266 0.1192828 0.0182609 0.0539247 0.0446041 0.0106781 0.1127384 0.0453876 0.0547051 -0.0992751 -0.0368339 -0.1231736 -0.0948504 0.0180800 0.0618051 -0.0727873 0.0709776 -0.0270980 0.0517758 0.0701725 0.0271845 0.0426393 0.0277966 0.1311149 -0.0003897 0.1250180 -0.0257043 0.0863254 0.0352314 0.0241887 0.0753354 0.0769731 0.0466250 0.0564186 0.0120331 0.0112326 -0.1645103 -0.0303098 -0.1480094 0.0227980 -0.1395828 -0.1655487
0.2707124 -0.1604876 -0.1311442 -0.0807690 0.2415342 0.1865640 0.2091102 -0.1066307 -0.1190112 -0.0784862 0.1901594 -0.0475944 -0.0567138 -0.0486728 -0.0654973 -0.1183892 -0.0363134 -0.0604888 -0.0605830 -0.0731005 -0.0560632 -0.1218171 -0.0876071 -0.1158389 -0.1349716 0.7590943 0.2607376 -0.1221371 0.2221233 -0.0541898 -0.1197472 0.0715287 0.2269163 -0.1146166 -0.0642941 -0.0508034 -0.0560599 -0.0960737 -0.0533856 -0.0737070 -0.1407166 -0.0649064 -0.0874979 -0.1251507 -0.1220137 0.1690420 -0.1607002 0.2145782 0.1980104 -0.1166199 -0.0563673 0.1916272 -0.0749903 0.1062554 -0.0810428 -0.0761131 -0.0677045 -0.0665889 -0.1202771 -0.1050251 -0.0600118 -0.1363803 0.1135513 -0.1293327 -0.0778953 -0.1380780 -0.1399406 -0.0886803 -0.0738106 -0.0680441 -0.0722609 -0.1188903 0.2774074 -0.1608940 0.2209096 -0.0498706 0.2608919 0.2554874
0.2016060 -0.1522618 -0.1205284 -0.0711780 0.2044464 0.1623959 0.2182713 -0.0983173 -0.1104595 -0.0637453 0.1972346 -0.0456144 -0.0452054 -0.0484572 -0.0619227 -0.1074673 -0.0311873 -0.0606661 -0.0483005 -0.0619735 -0.0626675 -0.1100069 -0.0784438 -0.1053288 -0.1233577 0.2607376 0.7116268 -0.1095384 0.1929174 -0.0324601 -0.1081143 0.0682908 0.1858922 -0.1076664 -0.0507342 -0.0491684 -0.0397983 -0.0867037 -0.0495444 -0.0647469 -0.1342871 -0.0446690 -0.0787468 -0.1111857 -0.1132014 0.1809227 -0.1521318 0.1719511 0.1782666 -0.1090488 -0.0573116 0.1112045 -0.0691968 0.0910593 -0.0704541 -0.0645348 -0.0630717 -0.0671496 -0.1059785 -0.0939761 -0.0619471 -0.1272170 0.1079205 -0.1206912 -0.0618704 -0.1299342 -0.1330719 -0.0712953 -0.0615022 -0.0613891 -0.0536469 -0.1085642 0.2493692 -0.1510727 0.1706324 -0.0337262 0.3569077 0.1874274
-0.1567754 0.1284491 -0.0229227 -0.0009176 -0.1344261 -0.0998824 -0.1151725 0.0155782 0.1355571 -0.0000404 -0.1266626 -0.0032781 -0.0027504 -0.0110395 -0.0146921 0.1183478 -0.0098373 -0.0056557 -0.0038338 0.0053316 -0.0100060 0.1165304 -0.0095149 0.1350577 0.0295280 -0.1221371 -0.1095384 0.6371831 -0.1241553 -0.0113393 0.1212931 -0.0754861 -0.1047881 0.1220991 -0.0046041 -0.0032925 -0.0021606 -0.0085825 -0.0088346 -0.0055884 0.1098444 -0.0091367 -0.0073942 0.1109156 0.1085017 -0.1227222 0.1282063 -0.1222595 -0.1271164 0.1242139 -0.0146603 -0.1043529 -0.0063214 -0.0979453 0.0022745 -0.0051991 -0.0060128 -0.0046192 0.1157553 -0.0075083 0.0022171 0.0504887 -0.1022587 0.0810992 -0.0032114 0.1241340 0.0942372 -0.0074130 -0.0002206 -0.0032247 0.0056564 0.1320948 -0.1448788 0.1231054 -0.1333523 -0.0118287 -0.1182211 -0.1525876
0.2092188 -0.1718259 -0.0985290 -0.0601863 0.2435960 0.1625363 0.2128425 -0.0869038 -0.1279985 -0.0599337 0.2158986 -0.0353620 -0.0339335 -0.0385809 -0.0561371 -0.1207635 -0.0304084 -0.0525669 -0.0470822 -0.0517146 -0.0516939 -0.1221496 -0.0676132 -0.1204343 -0.1107829 0.2221233 0.1929174 -0.1241553 0.7110698 -0.0525023 -0.1241728 0.0907625 0.1747183 -0.1228618 -0.0485904 -0.0396359 -0.0484883 -0.0710503 -0.0513429 -0.0605001 -0.1412761 -0.0367097 -0.0666909 -0.1236364 -0.1237338 0.1961186 -0.1717689 0.1610170 0.1646365 -0.1243303 -0.0414753 0.1976637 -0.0642972 0.0995770 -0.0601937 -0.0585053 -0.0464882 -0.0526513 -0.1202751 -0.0772310 -0.0543178 -0.1203822 0.1297668 -0.1186933 -0.0289236 -0.1470702 -0.1363787 -0.0649285 -0.0556663 -0.0541219 -0.0477372 -0.1248416 0.2198510 -0.1694183 0.1856022 -0.0442123 0.2497395 0.1996142
-0.0537994 -0.0555336 0.0231017 0.0249988 -0.0442167 -0.0412295 -0.0471497 0.0263457 -0.0164553 0.0244664 -0.0480837 0.0208053 0.0235377 0.0142853 0.0081447 -0.0126155 0.0220550 0.0349967 0.0319673 0.0285957 0.0297139 -0.0096600 0.0318110 -0.0176775 0.0208816 -0.0541898 -0.0324601 -0.0113393 -0.0525023 0.6089354 -0.0113361 -0.0003369 -0.0247835 -0.0100110 0.0247280 0.0202779 0.0258769 0.0277332 0.0256416 0.0284494 -0.0270709 0.0162913 0.0316236 -0.0045315 -0.0107634 -0.0456447 -0.0558074 -0.0425152 -0.0248280 -0.0090588 0.0199492 -0.0297106 0.0254450 -0.0178793 0.0276784 0.0293248 0.0284236 0.0234354 -0.0098308 0.0327365 0.0262362 0.0051242 -0.0222947 0.0036474 0.0156636 -0.0283282 -0.0163741 0.0331740 0.0341819 0.0203421 0.0302986 -0.0139791 -0.0359737 -0.0533464 -0.0338088 0.0215389 -0.0548276 -0.0501282
-0.1501015 0.1360570 -0.0313499 -0.0032154 -0.1373007 -0.0974884 -0.1147653 0.0104039 0.1383911 0.0014612 -0.1231575 -0.0017813 -0.0044782 -0.0089647 -0.0179412 0.1155381 -0.0103946 -0.0029533 0.0014650 0.0007159 -0.0141983 0.1100586 -0.0115777 0.1357293 0.0222447 -0.1197472 -0.1081143 0.1212931 -0.1241728 -0.0113361 0.6496794 -0.0750749 -0.1065289 0.1213702 -0.0061194 -0.0023158 -0.0045801 -0.0129786 -0.0097635 -0.0027288 0.1103671 -0.0062421 -0.0113250 0.1112359 0.1086843 -0.1253395 0.1362066 -0.1197018 -0.1212330 0.1193676 -0.0177731 -0.1045102 -0.0073441 -0.0984672 -0.0013853 -0.0069412 -0.0103476 -0.0054623 0.1188998 -0.0115730 0.0046678 0.0454709 -0.1002481 0.0781191 -0.0027492 0.1239670 0.0902272 -0.0063508 -0.0026937 -0.0032206 0.0016408 0.1289413 -0.1444265 0.1309356 -0.1352717 -0.0146247 -0.1181680 -0.1453394
0.0892726 -0.1487376 0.0145081 -0.0056331 0.0725440 0.0586089 0.0668169 -0.0098958 -0.0869108 -0.0135766 0.0473807 -0.0098033 -0.0205524 -0.0098741 0.0028432 -0.0719741 -0.0053254 -0.0082605 -0.0180106 -0.0286281 -0.0021692 -0.0740021 -0.0015061 -0.0843890 -0.0210150 0.0715287 0.0682908 -0.0754861 0.0907625 -0.0003369 -0.0750749 0.6571910 0.0754361 -0.0804432 -0.0131138 -0.0167841 -0.0196173 0.0024236 -0.0073763 -0.0119082 -0.0979424 -0.0163365 0.0039257 -0.0698511 -0.0689024 0.0806356 -0.1484187 0.0726904 0.1040511 -0.0782096 -0.0058270 0.0752986 -0.0121777 0.0817508 -0.0084874 -0.0043681 -0.0139090 -0.0040510 -0.0714544 0.0030633 -0.0149942 -0.0434277 0.0835800 -0.0517157 -0.0160777 -0.1080218 -0.0813722 -0.0063194 -0.0143094 -0.0110402 -0.0207368 -0.0845260 0.0838356 -0.1454051 0.0965997 0.0001452 0.0663642 0.0881690
0.2033078 -0.1391292 -0.1121579 -0.0576527 0.1585747 0.1696808 0.1615286 -0.0857470 -0.1060857 -0.0563885 0.1629819 -0.0387115 -0.0367925 -0.0323874 -0.0546753 -0.1040772 -0.0229115 -0.0351705 -0.0361248 -0.0277646 -0.0415720 -0.1055521 -0.0648666 -0.1012123 -0.1093006 0.2269163 0.1858922 -0.1047881 0.1747183 -0.0247835 -0.1065289 0.0754361 0.7306315 -0.1036343 -0.0355016 -0.0471047 -0.0278592 -0.0741672 -0.0317378 -0.0515244 -0.1160936 -0.0264470 -0.0697679 -0.1112567 -0.1086691 0.1287406 -0.1392046 0.1447795 0.1238170 -0.1057152 -0.0408998 0.0972648 -0.0549609 0.0758069 -0.0543120 -0.0532768 -0.0516487 -0.0484273 -0.1023418 -0.0815365 -0.0495078 -0.1145775 0.0802986 -0.1096284 -0.0511811 -0.1216441 -0.1204181 -0.0557484 -0.0492637 -0.0482308 -0.0418677 -0.1029924 0.1925390 -0.1394224 0.1952807 -0.0177379 0.2004844 0.1902405
-0.1498962 0.1312906 -0.0444072 -0.0064728 -0.1326648 -0.0918677 -0.1126811 0.0074964 0.1394027 -0.0008838 -0.1273073 0.0029306 -0.0085251 -0.0098722 -0.0239675 0.1164139 -0.0075633 -0.0026300 -0.0026182 0.0065534 -0.0142216 0.1222014 -0.0174381 0.1369632 0.0154214 -0.1146166 -0.1076664 0.1220991 -0.1228618 -0.0100110 0.1213702 -0.0804432 -0.1036343 0.6563518 -0.0080488 -0.0048122 -0.0043308 -0.0193558 -0.0090448 -0.0067959 0.1112782 -0.0047344 -0.0173437 0.1126781 0.1030924 -0.1204497 0.1309788 -0.1207822 -0.1301910 0.1277968 -0.0197640 -0.1035564 -0.0079598 -0.0966611 -0.0016128 -0.0103978 -0.0063548 -0.0045162 0.1199216 -0.0181602 0.0064766 0.0454251 -0.1063720 0.0802812 -0.0049255 0.1321151 0.0915082 -0.0140400 -0.0075695 -0.0056730 -0.0021879 0.1406672 -0.1386728 0.1264290 -0.1271000 -0.0137999 -0.1173632 -0.1466849
-0.0623970 -0.0561548 0.0412675 0.0304935 -0.0487175 -0.0502771 -0.0505762 0.0337795 -0.0051259 0.0305382 -0.0506178 0.0171702 0.0270834 0.0238748 0.0223500 -0.0005563 0.0237238 0.0302481 0.0238327 0.0247763 0.0304662 -0.0013297 0.0386740 -0.0089327 0.0319954 -0.0642941 -0.0507342 -0.0046041 -0.0485904 0.0247280 -0.0061194 -0.0131138 -0.0355016 -0.0080488 0.5917000 0.0259226 0.0248822 0.0404541 0.0264319 0.0333848 -0.0234840 0.0253144 0.0350436 -0.0012363 -0.0007102 -0.0457233 -0.0561854 -0.0444494 -0.0462054 -0.0030347 0.0218579 -0.0314963 0.0312211 -0.0264552 0.0305756 0.0325771 0.0270360 0.0284180 -0.0061937 0.0443184 0.0253330 0.0168617 -0.0247458 0.0118915 0.0204257 -0.0245381 -0.0112885 0.0327837 0.0273779 0.0239778 0.0301426 -0.0073438 -0.0703110 -0.0526949 -0.0585434 0.0243776 -0.0555098 -0.0576623
-0.0802986 -0.0469225 0.0419767 0.0328953 -0.0554176 -0.0518802 -0.0370193 0.0332147 -0.0104990 0.0283381 -0.0418171 0.0238775 0.0177271 0.0282779 0.0179926 -0.0063726 0.0244555 0.0218937 0.0232001 0.0265125 0.0282634 -0.0022071 0.0350180 -0.0068075 0.0326255 -0.0508034 -0.0491684 -0.0032925 -0.0396359 0.0202779 -0.0023158 -0.0167841 -0.0471047 -0.0048122 0.0259226 0.5944787 0.0245612 0.0369262 0.0193001 0.0261774 -0.0181489 0.0278737 0.0333219 -0.0014503 0.0003190 -0.0331355 -0.0468956 -0.0487938 -0.0535088 -0.0051528 0.0218635 -0.0353332 0.0290977 -0.0201739 0.0277621 0.0306130 0.0271241 0.0269805 -0.0024903 0.0434349 0.0289802 0.0194480 -0.0228751 0.0127524 0.0175060 -0.0209411 -0.0095433 0.0307806 0.0359629 0.0275412 0.0231280 -0.0085368 -0.0616908 -0.0440398 -0.0581148 0.0179103 -0.0611684 -0.0756638
-0.0563548 -0.0500308 0.0100542 0.0264616 -0.0507120 -0.0443492 -0.0453275 0.0205329 -0.0065591 0.0300064 -0.0458048 0.0299398 0.0387322 0.0365906 0.0022169 -0.0058696 0.0240072 0.0315228 0.0313194 0.0291288 0.0277123 -0.0108995 0.0273898 -0.0048186 0.0150266 -0.0560599 -0.0397983 -0.0021606 -0.0484883 0.0258769 -0.0045801 -0.0196173 -0.0278592 -0.0043308 0.0248822 0.0245612 0.6097692 0.0270984 0.0204280 0.0209050 -0.0304337 0.0291806 0.0252586 -0.0055147 -0.0081105 -0.0419211 -0.0495059 -0.0445175 -0.0463960 -0.0097110 0.0199258 -0.0395624 0.0208146 -0.0276728 0.0304737 0.0278363 0.0295450 0.0169663 -0.0063973 0.0290727 0.0331898 0.0034989 -0.0285172 0.0008182 0.0258298 -0.0280298 -0.0177469 0.0285509 0.0280768 0.0174437 0.0310157 -0.0038277 -0.0538933 -0.0475812 -0.0399965 0.0274381 -0.0435652 -0.0527928
-0.1357986 -0.1197993 0.2150892 0.0742840 -0.0873935 -0.0898412 -0.0606291 0.1071677 -0.0299339 0.0413292 -0.0885649 0.0094325 0.0199686 0.0398896 0.1135400 -0.0051236 0.0113206 0.0247576 0.0195177 0.0089583 0.0676335 -0.0043512 0.1039172 -0.0304772 0.1192828 -0.0960737 -0.0867037 -0.0085825 -0.0710503 0.0277332 -0.0129786 0.0024236 -0.0741672 -0.0193558 0.0404541 0.0369262 0.0270984 0.5359395 0.0312574 0.0584488 -0.0217599 0.0258766 0.1089643 0.0097473 0.0171231 -0.0597064 -0.1196277 -0.0804178 -0.0561953 -0.0170497 0.0667051 -0.0395425 0.0746926 -0.0020114 0.0550658 0.0745435 0.0342493 0.0501733 -0.0082531 0.1285013 0.0107919 0.0826669 0.0022507 0.0527567 0.0405342 -0.0476027 0.0104496 0.0797949 0.0501409 0.0592334 0.0231060 -0.0258192 -0.1153157 -0.1119359 -0.1025828 0.0338916 -0.0998839 -0.1216792
-0.0606134 -0.0489460 0.0191742 0.0257120 -0.0487005 -0.0464208 -0.0562908 0.0234999 -0.0090523 0.0312856 -0.0446151 0.0273462 0.0302935 0.0224219 0.0110905 -0.0077469 0.0216730 0.0267150 0.0299625 0.0301693 0.0273959 -0.0078031 0.0303162 -0.0135556 0.0182609 -0.0533856 -0.0495444 -0.0088346 -0.0513429 0.0256416 -0.0097635 -0.0073763 -0.0317378 -0.0090448 0.0264319 0.0193001 0.0204280 0.0312574 0.5978717 0.0309150 -0.0244023 0.0265361 0.0269308 -0.0043643 -0.0051644 -0.0415270 -0.0489586 -0.0374019 -0.0344772 -0.0064548 0.0233972 -0.0293340 0.0272589 -0.0217594 0.0282575 0.0256559 0.0248884 0.0285838 -0.0043048 0.0346366 0.0267304 0.0055921 -0.0261484 0.0026372 0.0267113 -0.0248396 -0.0139065 0.0274562 0.0298910 0.0279505 0.0225309 -0.0071283 -0.0472039 -0.0466318 -0.0404108 0.0242760 -0.0555659 -0.0573606
-0.0939841 -0.0645715 0.0780690 0.0460065 -0.0674877 -0.0635804 -0.0623437 0.0517550 -0.0131632 0.0423500 -0.0686150 0.0280047 0.0294659 0.0344191 0.0408773 -0.0012840 0.0259013 0.0276885 0.0297917 0.0309119 0.0390424 -0.0012044 0.0542221 -0.0113867 0.0539247 -0.0737070 -0.0647469 -0.0055884 -0.0605001 0.0284494 -0.0027288 -0.0119082 -0.0515244 -0.0067959 0.0333848 0.0261774 0.0209050 0.0584488 0.0309150 0.5779941 -0.0219307 0.0267292 0.0549052 0.0021364 0.0019436 -0.0561485 -0.0644903 -0.0596334 -0.0525037 -0.0088567 0.0378866 -0.0401910 0.0439289 -0.0236207 0.0385694 0.0466536 0.0358856 0.0403815 -0.0059293 0.0641728 0.0254680 0.0330204 -0.0245375 0.0208522 0.0309192 -0.0304564 -0.0054105 0.0496220 0.0382956 0.0387729 0.0326509 -0.0108071 -0.0885560 -0.0603368 -0.0691333 0.0277374 -0.0742692 -0.0865697
-0.1641032 0.3019421 -0.0251932 -0.0196687 -0.1572192 -0.1122630 -0.1299746 -0.0027266 0.1318343 -0.0165287 -0.1523766 -0.0252467 -0.0233486 -0.0263493 -0.0282854 0.1070437 -0.0334870 -0.0231337 -0.0234556 -0.0218715 -0.0287073 0.1117184 -0.0287563 0.1206487 0.0446041 -0.1407166 -0.1342871 0.1098444 -0.1412761 -0.0270709 0.1103671 -0.0979424 -0.1160936 0.1112782 -0.0234840 -0.0181489 -0.0304337 -0.0217599 -0.0244023 -0.0219307 0.6823831 -0.0251740 -0.0256131 0.1086959 0.1110468 -0.1356442 0.3020588 -0.1329284 -0.1476712 0.1134625 -0.0318975 -0.1179171 -0.0258926 -0.1072828 -0.0183255 -0.0253032 -0.0290213 -0.0237671 0.1179015 -0.0286990 -0.0198760 0.0985625 -0.1221187 0.0790468 -0.0176701 0.2630058 0.1963148 -0.0277833 -0.0201175 -0.0214736 -0.0204629 0.1200993 -0.1578571 0.2962193 -0.1520413 -0.0309347 -0.1323887 -0.1597279
-0.0578719 -0.0469471 0.0018541 0.0261291 -0.0451207 -0.0331810 -0.0473484 0.0183919 -0.0055458 0.0291751 -0.0281130 0.0259010 0.0324704 0.0209737 -0.0014731 -0.0080285 0.0302479 0.0306137 0.0271931 0.0332961 0.0231744 -0.0073923 0.0283710 -0.0115231 0.0106781 -0.0649064 -0.0446690 -0.0091367 -0.0367097 0.0162913 -0.0062421 -0.0163365 -0.0264470 -0.0047344 0.0253144 0.0278737 0.0291806 0.0258766 0.0265361 0.0267292 -0.0251740 0.6215856 0.0195132 -0.0066304 -0.0098340 -0.0318372 -0.0470153 -0.0474500 -0.0340678 -0.0062428 0.0164989 -0.0189378 0.0261761 -0.0264775 0.0280758 0.0258657 0.0367061 0.0238272 -0.0099627 0.0259187 0.0383466 -0.0030748 -0.0301197 -0.0023686 0.0205025 -0.0248979 -0.0211722 0.0260603 0.0240258 0.0228250 0.0277992 -0.0092736 -0.0562564 -0.0460916 -0.0579693 0.0228377 -0.0549134 -0.0555478
-0.1223623 -0.1200377 0.2002571 0.0691742 -0.0803725 -0.0862977 -0.0572136 0.1008264 -0.0264379 0.0397637 -0.0876791 0.0122952 0.0142216 0.0350721 0.1044233 -0.0050438 0.0101525 0.0240363 0.0208148 0.0068205 0.0648664 -0.0019764 0.0984166 -0.0266489 0.1127384 -0.0874979 -0.0787468 -0.0073942 -0.0666909 0.0316236 -0.0113250 0.0039257 -0.0697679 -0.0173437 0.0350436 0.0333219 0.0252586 0.1089643 0.0269308 0.0549052 -0.0256131 0.0195132 0.5414264 0.0096747 0.0151273 -0.0582177 -0.1197607 -0.0797409 -0.0507019 -0.0147933 0.0633501 -0.0384425 0.0693877 -0.0006284 0.0532741 0.0682814 0.0352451 0.0451311 -0.0101453 0.1206394 0.0104899 0.0777200 0.0006044 0.0498680 0.0382296 -0.0502278 0.0060793 0.0744895 0.0487107 0.0563965 0.0207166 -0.0239750 -0.1056208 -0.1124362 -0.0950490 0.0295601 -0.0919986 -0.1082765
-0.1609340 0.1155411 0.0189670 0.0062154 -0.1349870 -0.1022969 -0.1091514 0.0306575 0.1146572 0.0003326 -0.1286284 -0.0075398 -0.0064708 -0.0061303 0.0061739 0.1003693 -0.0129697 -0.0059128 -0.0033136 0.0010728 -0.0004653 0.1044043 0.0072333 0.1133494 0.0453876 -0.1251507 -0.1111857 0.1109156 -0.1236364 -0.0045315 0.1112359 -0.0698511 -0.1112567 0.1126781 -0.0012363 -0.0014503 -0.0055147 0.0097473 -0.0043643 0.0021364 0.1086959 -0.0066304 0.0096747 0.6056767 0.0972365 -0.1190989 0.1152009 -0.1201584 -0.1203320 0.1098483 -0.0029850 -0.0971119 0.0038812 -0.0837257 0.0055144 0.0061982 -0.0053150 0.0014054 0.1041471 0.0131514 0.0011735 0.0620194 -0.0900309 0.0820663 0.0027448 0.1113510 0.0885228 0.0051634 0.0018640 0.0030356 -0.0001822 0.1140648 -0.1467745 0.1120111 -0.1347671 -0.0099758 -0.1169749 -0.1533406
-0.1630560 0.1200994 0.0313090 0.0113967 -0.1351549 -0.1064142 -0.1097061 0.0333156 0.1109621 0.0004880 -0.1330851 -0.0100966 -0.0063395 -0.0070360 0.0136732 0.1060719 -0.0149900 -0.0059357 -0.0062804 -0.0045435 0.0014223 0.1036204 0.0106389 0.1104397 0.0547051 -0.1220137 -0.1132014 0.1085017 -0.1237338 -0.0107634 0.1086843 -0.0689024 -0.1086691 0.1030924 -0.0007102 0.0003190 -0.0081105 0.0171231 -0.0051644 0.0019436 0.1110468 -0.0098340 0.0151273 0.0972365 0.6014690 -0.1192530 0.1200136 -0.1249307 -0.1231635 0.1092574 0.0005509 -0.0995471 0.0090606 -0.0826337 0.0056024 0.0085431 -0.0047908 0.0028901 0.1012615 0.0185596 -0.0034769 0.0717261 -0.0876775 0.0828149 0.0009106 0.1059515 0.0926042 0.0065581 0.0049389 0.0036998 -0.0000284 0.1110889 -0.1519068 0.1187860 -0.1381046 -0.0108630 -0.1233028 -0.1556724
0.2219850 -0.1691876 -0.0786137 -0.0529113 0.1894674 0.1767185 0.1973876 -0.0773092 -0.1267973 -0.0535092 0.1889749 -0.0381258 -0.0423595 -0.0378454 -0.0424548 -0.1205695 -0.0208340 -0.0446842 -0.0443026 -0.0490252 -0.0514740 -0.1206613 -0.0565428 -0.1217618 -0.0992751 0.1690420 0.1809227 -0.1227222 0.1961186 -0.0456447 -0.1253395 0.0806356 0.1287406 -0.1204497 -0.0457233 -0.0331355 -0.0419211 -0.0597064 -0.0415270 -0.0561485 -0.1356442 -0.0318372 -0.0582177 -0.1190989 -0.1192530 0.6662366 -0.1692104 0.1562102 0.1755458 -0.1219347 -0.0306605 0.1341987 -0.0495943 0.1306287 -0.0554406 -0.0531344 -0.0363966 -0.0476313 -0.1187702 -0.0680687 -0.0519521 -0.1102213 0.1179931 -0.1129380 -0.0401582 -0.1432621 -0.1292463 -0.0512213 -0.0491840 -0.0457609 -0.0517283 -0.1242294 0.2428860 -0.1661849 0.2212700 -0.0224531 0.1937127 0.2120069
-0.1776443 0.9189366 -0.1570022 -0.0753665 -0.1825933 -0.1259602 -0.1692276 -0.0874871 0.1493735 -0.0488694 -0.1721151 -0.0332285 -0.0333137 -0.0646385 -0.1133234 0.1247912 -0.0533087 -0.0417383 -0.0392607 -0.0243703 -0.0850482 0.1310177 -0.1170558 0.1481942 -0.0368339 -0.1607002 -0.1521318 0.1282063 -0.1717689 -0.0558074 0.1362066 -0.1484187 -0.1392046 0.1309788 -0.0561854 -0.0468956 -0.0495059 -0.1196277 -0.0489586 -0.0644903 0.3020588 -0.0470153 -0.1197607 0.1152009 0.1200136 -0.1692104 0.9309738 -0.1521866 -0.1874377 0.1351372 -0.0856868 -0.1541300 -0.0823768 -0.1657393 -0.0567199 -0.0837876 -0.0574864 -0.0636326 0.1334920 -0.1339423 -0.0291834 0.0608434 -0.1857787 0.0630321 -0.0480416 0.3335428 0.2453354 -0.0904029 -0.0620973 -0.0704180 -0.0358024 0.1453522 -0.1728345 0.8787540 -0.1704181 -0.0636492 -0.1478531 -0.1832658
0.3091919 -0.1522885 -0.1186838 -0.0711842 0.1678120 0.1767967 0.1455753 -0.0960920 -0.1187970 -0.0564919 0.1786337 -0.0528994 -0.0444665 -0.0371868 -0.0594729 -0.1188369 -0.0222456 -0.0442228 -0.0483071 -0.0488975 -0.0484644 -0.1227853 -0.0712027 -0.1192296 -0.1231736 0.2145782 0.1719511 -0.1222595 0.1610170 -0.0425152 -0.1197018 0.0726904 0.1447795 -0.1207822 -0.0444494 -0.0487938 -0.0445175 -0.0804178 -0.0374019 -0.0596334 -0.1329284 -0.0474500 -0.0797409 -0.1201584 -0.1249307 0.1562102 -0.1521866 0.7297744 0.1864168 -0.1145120 -0.0488865 0.1132065 -0.0640232 0.1102088 -0.0660525 -0.0636240 -0.0419141 -0.0529663 -0.1184098 -0.0912912 -0.0469340 -0.1261947 0.1117973 -0.1255027 -0.0390673 -0.1311405 -0.1373397 -0.0680016 -0.0576247 -0.0528527 -0.0492554 -0.1237187 0.2839093 -0.1526514 0.2654885 -0.0231322 0.1643869 0.2901897
