0.8253345 -0.0789743 -0.1756643 -0.1123942 0.1560082 0.1698165 0.1482050 -0.1300549 -0.0658395 -0.0774171 0.1619549 -0.0798502 -0.0663899 -0.0948553 -0.0776639 -0.0774607 -0.0876935 -0.0876772 -0.0766349 -0.0697383 -0.1013758 -0.0758466 -0.1324091 -0.0614602 -0.1613331 0.1578467 0.1830004 -0.0956519 0.1292043 -0.0810913 -0.0774493 0.1528039 0.1235095 -0.0693907 -0.0912606 -0.0732796 -0.0837647 -0.1434102 -0.0952919 -0.1012961 -0.0973108 -0.0846734 -0.1311111 0.0288877 -0.1070255 0.0775912 -0.0793636 0.1268849 0.0639525 0.0803902 -0.1182183 0.1319387 -0.1100885 0.1217980 -0.0952909 -0.1128001 -0.0911596 -0.0956624 -0.0865310 -0.1431981 -0.0742125 -0.1470320 0.0963607 -0.1123903 0.1384500 -0.0834993 -0.1120024 -0.0936491 -0.0723948 -0.0966960 -0.0693487 -0.0617131 0.1486361 -0.0888263 0.2422203 -0.0844568 0.1928764 0.7435779
-0.0789743 0.9649935 -0.1845442 -0.0780804 -0.0671014 -0.0646648 -0.0927631 -0.1435663 -0.0634523 -0.0636232 -0.0609905 -0.0650588 -0.0691862 -0.0593181 -0.1433651 -0.0647524 -0.0610596 -0.0594979 -0.0617179 -0.0503723 -0.0816527 -0.0530852 -0.1156581 -0.0719940 0.0874921 -0.0435725 -0.0920953 -0.0571242 -0.0525948 -0.0808324 -0.0679378 -0.1005974 -0.0520744 -0.0603807 -0.0742414 -0.0831142 -0.0650528 -0.1354956 -0.0619046 -0.0708836 0.5132051 -0.0594062 -0.1304798 -0.0373902 -0.0617144 -0.0560043 0.9530178 -0.0599139 -0.0652210 -0.0467272 -0.0730377 -0.0784416 -0.0909090 -0.1095502 -0.0736327 -0.0936767 -0.0656645 -0.0718411 -0.0621446 -0.1479444 -0.0686892 0.1925649 -0.1167896 -0.1163269 -0.0841359 0.5997313 0.4125014 -0.1146975 -0.0718207 -0.0779221 -0.0788020 -0.0459900 -0.0561864 0.9106326 -0.0676312 -0.0731090 -0.0658507 -0.0928404
-0.1756643 -0.1845442 0.5167887 0.1060152 -0.0907876 -0.1101283 -0.0444679 0.1962044 -0.0333477 0.0195465 -0.1104322 -0.0216321 -0.0200455 0.0266810 0.2641108 -0.0034277 -0.0296193 -0.0080037 -0.0153477 -0.0516076 0.1027970 0.0057313 0.1645200 -0.0285241 0.1908034 -0.1056061 -0.0959349 0.0014380 -0.0741519 0.0236709 -0.0034918 -0.0042265 -0.1198078 -0.0142039 0.0384167 0.0401595 0.0093894 0.1997824 0.0188587 0.0621238 -0.0790169 -0.0049648 0.1872617 -0.0339034 0.0597916 -0.0569771 -0.1846202 -0.0981273 -0.0474107 -0.0829715 0.1048007 -0.0491602 0.0999856 0.0309129 0.0567694 0.1053812 0.0222735 0.0527197 0.0074816 0.2166487 -0.0235177 0.1335121 0.0482231 0.1211482 -0.0312349 -0.1362622 -0.0049643 0.1051556 0.0572166 0.0775677 -0.0137381 -0.0319640 -0.1433376 -0.1759446 -0.1322421 0.0338201 -0.1191740 -0.1556472
-0.1123942 -0.0780804 0.1060152 0.5792708 -0.0693644 -0.0725240 -0.0530047 0.0640029 0.0139919 0.0257649 -0.0631702 0.0209964 0.0228173 0.0311447 0.0544796 0.0190705 0.0253023 0.0226094 0.0213135 0.0108553 0.0455351 0.0287578 0.0623089 0.0202870 0.0469813 -0.0702739 -0.0713745 0.0280325 -0.0572208 0.0297894 0.0249769 -0.0389851 -0.0656848 0.0163604 0.0370547 0.0283704 0.0314854 0.0711786 0.0314508 0.0364211 -0.0416976 0.0210087 0.0631749 -0.0284450 0.0356351 -0.0399775 -0.0779929 -0.0571965 -0.0437849 -0.0359238 0.0451531 -0.0483900 0.0460576 -0.0319012 0.0328552 0.0469892 0.0333388 0.0309011 0.0290043 0.0712955 0.0197027 0.0258772 -0.0234435 0.0483378 -0.0460947 -0.0644728 -0.0228401 0.0465900 0.0318688 0.0391823 0.0161724 0.0206850 -0.0610298 -0.0744505 -0.0838408 0.0335738 -0.0796452 -0.1044561
0.1560082 -0.0671014 -0.0907876 -0.0693644 0.6859069 0.1286961 0.1056358 -0.0758582 -0.0466493 -0.0665842 0.0660537 -0.0466151 -0.0530228 -0.0620317 -0.0424573 -0.0479490 -0.0570299 -0.0622972 -0.0450833 -0.0397678 -0.0632491 -0.0580994 -0.0776130 -0.0472016 -0.0931226 0.1562942 0.1721093 -0.0437688 0.1138160 -0.0550731 -0.0541494 0.0817855 0.1014365 -0.0601771 -0.0630644 -0.0607900 -0.0597926 -0.0835391 -0.0620080 -0.0661865 -0.0756922 -0.0623133 -0.0742836 0.0346029 -0.0680121 0.0398480 -0.0674211 0.0852515 0.1110559 0.0137012 -0.0665862 0.1053879 -0.0672286 0.0964432 -0.0695715 -0.0690625 -0.0612594 -0.0644471 -0.0529283 -0.0815305 -0.0535095 -0.0893793 0.0876429 -0.0676989 0.0871427 -0.0680108 -0.0704301 -0.0662970 -0.0524655 -0.0634989 -0.0258533 -0.0532891 0.1158853 -0.0662331 0.1376942 -0.0547531 0.1648906 0.1503708
0.1698165 -0.0646648 -0.1101283 -0.0725240 0.1286961 0.7206118 0.1276904 -0.0801616 -0.0417891 -0.0586000 0.1253748 -0.0587385 -0.0470013 -0.0577372 -0.0569063 -0.0467693 -0.0637765 -0.0540813 -0.0443827 -0.0350660 -0.0765779 -0.0635371 -0.0832922 -0.0493056 -0.1011124 0.0979055 0.1425823 -0.0451013 0.1002859 -0.0569671 -0.0556463 0.0758302 0.1113013 -0.0480781 -0.0656561 -0.0573186 -0.0622412 -0.0924690 -0.0612886 -0.0641810 -0.0658978 -0.0406755 -0.0832373 0.0443570 -0.0732221 0.0648292 -0.0648519 0.1049144 0.1018474 0.0211791 -0.0776455 0.1032761 -0.0706462 0.0754652 -0.0737044 -0.0712633 -0.0583911 -0.0583826 -0.0651242 -0.0896165 -0.0482730 -0.0967747 0.0443721 -0.0717095 0.0924014 -0.0582402 -0.0753964 -0.0669636 -0.0614586 -0.0688228 -0.0210401 -0.0460391 0.1330226 -0.0660703 0.1599735 -0.0627787 0.1214440 0.1596524
0.1482050 -0.0927631 -0.0444679 -0.0530047 0.1056358 0.1276904 0.6269568 -0.0479709 -0.0470758 -0.0534112 0.0836066 -0.0474363 -0.0402653 -0.0504928 -0.0163343 -0.0382299 -0.0526192 -0.0552611 -0.0418398 -0.0555601 -0.0518184 -0.0512591 -0.0565454 -0.0486703 -0.0720576 0.1028895 0.1092620 -0.0591749 0.0805964 -0.0442324 -0.0453570 0.0850943 0.0726555 -0.0497844 -0.0554514 -0.0380845 -0.0568475 -0.0555368 -0.0494503 -0.0507605 -0.0770313 -0.0480336 -0.0468906 0.0345334 -0.0594083 0.0542911 -0.0926637 0.0734050 0.0804474 0.0191029 -0.0530558 0.0697525 -0.0554369 0.0862179 -0.0429607 -0.0531963 -0.0496279 -0.0468952 -0.0509091 -0.0553279 -0.0456417 -0.0742936 0.0737178 -0.0491196 0.0840687 -0.0763717 -0.0703893 -0.0378554 -0.0347415 -0.0484695 -0.0280133 -0.0448793 0.0990938 -0.0905045 0.1054975 -0.0378223 0.1212366 0.1397256
-0.1300549 -0.1435663 0.1962044 0.0640029 -0.0758582 -0.0801616 -0.0479709 0.5501041 0.0145861 0.0332500 -0.0712041 0.0186085 0.0178668 0.0339976 0.1056361 0.0210067 0.0195497 0.0223696 0.0191258 0.0065510 0.0635856 0.0267538 0.0922160 0.0186653 0.0767535 -0.0810073 -0.0742193 0.0252247 -0.0627140 0.0345322 0.0256820 -0.0280827 -0.0769321 0.0219489 0.0419937 0.0395806 0.0314288 0.1064083 0.0340353 0.0489603 -0.0733771 0.0292180 0.0988310 -0.0291114 0.0501218 -0.0469474 -0.1434459 -0.0707395 -0.0429290 -0.0470201 0.0645084 -0.0496441 0.0649698 -0.0137442 0.0470291 0.0667601 0.0331807 0.0451013 0.0291994 0.1154747 0.0183364 0.0425775 -0.0050030 0.0748866 -0.0446536 -0.1064502 -0.0380465 0.0671173 0.0410941 0.0521070 0.0189423 0.0118008 -0.0867776 -0.1381888 -0.0984503 0.0419755 -0.0900008 -0.1187936
-0.0658395 -0.0634523 -0.0333477 0.0139919 -0.0466493 -0.0417891 -0.0470758 0.0145861 0.6571937 0.0196740 -0.0400153 0.0360469 0.0319184 0.0144927 -0.0151037 0.0239340 0.0479562 0.0352374 0.0360150 0.0228420 0.0119253 0.0243905 0.0185669 0.0345173 -0.0165758 -0.0451242 -0.0397034 0.0244985 -0.0439356 0.0293591 0.0295442 -0.0468702 -0.0397013 0.0315931 0.0200616 0.0212269 0.0408858 0.0117140 0.0243961 0.0255052 -0.0467312 0.0348982 0.0164274 -0.0230929 0.0260280 -0.0310306 -0.0634211 -0.0473792 -0.0354393 -0.0041889 0.0141432 -0.0342378 0.0164710 -0.0434815 0.0196287 0.0160712 0.0307619 0.0268318 0.0298079 0.0122425 0.0342235 -0.0275015 -0.0451586 0.0192086 -0.0411803 -0.0563128 -0.0481866 0.0241123 0.0133112 0.0225954 0.0259277 0.0205768 -0.0184770 -0.0634100 -0.0474492 0.0250794 -0.0433558 -0.0644122
-0.0774171 -0.0636232 0.0195465 0.0257649 -0.0665842 -0.0586000 -0.0534112 0.0332500 0.0196740 0.6288256 -0.0303223 0.0290580 0.0234580 0.0273167 0.0122849 0.0261108 0.0291933 0.0342078 0.0271886 0.0274280 0.0277521 0.0244260 0.0351574 0.0266209 0.0105345 -0.0592005 -0.0565803 0.0245142 -0.0513386 0.0275161 0.0320590 -0.0447794 -0.0571941 0.0292935 0.0297447 0.0192287 0.0260534 0.0378523 0.0303418 0.0247200 -0.0428036 0.0270331 0.0332319 -0.0286171 0.0314063 -0.0414789 -0.0635672 -0.0467576 -0.0406594 -0.0111152 0.0279574 -0.0478478 0.0281626 -0.0453387 0.0290431 0.0290419 0.0372037 0.0253155 0.0319989 0.0358964 0.0351220 -0.0050924 -0.0344324 0.0276385 -0.0472634 -0.0423906 -0.0287447 0.0230190 0.0281997 0.0327684 0.0221942 0.0274748 -0.0569313 -0.0611597 -0.0733028 0.0252543 -0.0655106 -0.0717534
0.1619549 -0.0609905 -0.1104322 -0.0631702 0.0660537 0.1253748 0.0836066 -0.0712041 -0.0400153 -0.0303223 0.7377633 -0.0383155 -0.0339672 -0.0423391 -0.0548714 -0.0433272 -0.0490406 -0.0478810 -0.0485306 -0.0443172 -0.0556108 -0.0530693 -0.0751860 -0.0448424 -0.0971204 0.0773354 0.0805799 -0.0546804 0.0477716 -0.0471494 -0.0364279 0.0470700 0.1567814 -0.0457612 -0.0412491 -0.0458917 -0.0563836 -0.0796897 -0.0531989 -0.0586489 -0.0622143 -0.0435837 -0.0747277 0.0791197 -0.0662481 0.1360834 -0.0609807 0.1051011 0.0787344 0.0627036 -0.0697822 0.0430411 -0.0549365 0.0520083 -0.0561126 -0.0670634 -0.0512074 -0.0533318 -0.0569078 -0.0807982 -0.0425361 -0.0866918 0.0356703 -0.0591998 0.0735251 -0.0553676 -0.0693006 -0.0543894 -0.0365667 -0.0567530 -0.0312825 -0.0391074 0.0930284 -0.0628326 0.0934336 -0.0485771 0.0845401 0.1484213
-0.0798502 -0.0650588 -0.0216321 0.0209964 -0.0466151 -0.0587385 -0.0474363 0.0186085 0.0360469 0.0290580 -0.0383155 0.6560079 0.0334230 0.0253003 -0.0089861 0.0282692 0.0426047 0.0325277 0.0304129 0.0419823 0.0170622 0.0265960 0.0213683 0.0329804 -0.0093156 -0.0502242 -0.0527987 0.0391792 -0.0516887 0.0226724 0.0343183 -0.0505354 -0.0504324 0.0477890 0.0254451 0.0240862 0.0367207 0.0218231 0.0325125 0.0251558 -0.0483335 0.0387388 0.0199827 -0.0359859 0.0313128 -0.0370836 -0.0650430 -0.0379183 -0.0375119 -0.0275181 0.0260104 -0.0469786 0.0242530 -0.0507656 0.0250736 0.0229574 0.0289077 0.0277704 0.0296676 0.0203424 0.0421442 -0.0212052 -0.0396243 0.0249940 -0.0533988 -0.0448441 -0.0418097 0.0179211 0.0197047 0.0301403 0.0357287 0.0355520 -0.0335972 -0.0639279 -0.0640100 0.0244743 -0.0579618 -0.0778814
-0.0663899 -0.0691862 -0.0200455 0.0228173 -0.0530228 -0.0470013 -0.0402653 0.0178668 0.0319184 0.0234580 -0.0339672 0.0334230 0.6473801 0.0288722 -0.0054121 0.0441201 0.0394598 0.0267241 0.0369681 0.0348533 0.0192220 0.0307043 0.0172601 0.0415516 -0.0105087 -0.0444997 -0.0545567 0.0252393 -0.0500256 0.0284774 0.0340909 -0.0433664 -0.0408503 0.0276425 0.0175745 0.0169638 0.0251075 0.0230689 0.0405807 0.0205257 -0.0528493 0.0299518 0.0164021 -0.0183614 0.0215737 -0.0298629 -0.0691935 -0.0459499 -0.0382117 -0.0080891 0.0227108 -0.0469761 0.0201408 -0.0486383 0.0199686 0.0192060 0.0329984 0.0204778 0.0261300 0.0182559 0.0222865 -0.0232657 -0.0358051 0.0215055 -0.0416984 -0.0617874 -0.0476079 0.0276330 0.0253979 0.0237672 0.0207650 0.0356054 -0.0345967 -0.0677619 -0.0525390 0.0310533 -0.0519046 -0.0641462
-0.0948553 -0.0593181 0.0266810 0.0311447 -0.0620317 -0.0577372 -0.0504928 0.0339976 0.0144927 0.0273167 -0.0423391 0.0253003 0.0288722 0.6247818 0.0135858 0.0296877 0.0277108 0.0335574 0.0327431 0.0259459 0.0258913 0.0268660 0.0374343 0.0261425 0.0135775 -0.0569172 -0.0624902 0.0385895 -0.0556320 0.0218675 0.0284506 -0.0461177 -0.0475619 0.0255417 0.0355323 0.0268585 0.0221535 0.0347157 0.0274701 0.0293718 -0.0461222 0.0278710 0.0334742 -0.0129657 0.0323704 -0.0294701 -0.0592174 -0.0555334 -0.0491178 -0.0222084 0.0328514 -0.0510064 0.0277452 -0.0411630 0.0347703 0.0352772 0.0252580 0.0328531 0.0342033 0.0404996 0.0284035 -0.0023860 -0.0332962 0.0345738 -0.0471445 -0.0536331 -0.0318619 0.0268103 0.0239423 0.0247203 0.0241699 0.0294668 -0.0489703 -0.0569261 -0.0749959 0.0249393 -0.0642399 -0.0893893
-0.0776639 -0.1433651 0.2641108 0.0544796 -0.0424573 -0.0569063 -0.0163343 0.1056361 -0.0151037 0.0122849 -0.0548714 -0.0089861 -0.0054121 0.0135858 0.5009550 0.0004255 -0.0090404 0.0020029 -0.0030040 -0.0277127 0.0518166 0.0058177 0.0847852 -0.0155210 0.0788941 -0.0512721 -0.0434690 -0.0013655 -0.0343865 0.0105912 -0.0012407 0.0009155 -0.0599057 -0.0049033 0.0244362 0.0196625 0.0059019 0.1023473 0.0095869 0.0300989 -0.0776557 -0.0048755 0.0979604 -0.0251433 0.0269611 -0.0322963 -0.1435194 -0.0431635 -0.0246216 -0.0467417 0.0543114 -0.0220393 0.0495850 0.0147164 0.0301914 0.0528862 0.0123036 0.0273156 0.0057435 0.1122493 -0.0113608 0.0431160 0.0254079 0.0645437 -0.0125741 -0.1110984 -0.0354551 0.0565697 0.0348237 0.0385522 -0.0052488 -0.0121880 -0.0825766 -0.1391990 -0.0617767 0.0181401 -0.0556385 -0.0697010
-0.0774607 -0.0647524 -0.0034277 0.0190705 -0.0479490 -0.0467693 -0.0382299 0.0210067 0.0239340 0.0261108 -0.0433272 0.0282692 0.0441201 0.0296877 0.0004255 0.6415690 0.0360927 0.0310309 0.0257455 0.0315096 0.0174881 0.0196196 0.0241775 0.0352479 -0.0022836 -0.0486361 -0.0422606 0.0204641 -0.0447019 0.0188795 0.0293714 -0.0424884 -0.0432651 0.0253317 0.0170635 0.0258853 0.0172154 0.0273146 0.0339759 0.0221854 -0.0468961 0.0289661 0.0207235 -0.0031457 0.0169597 -0.0286223 -0.0645946 -0.0433771 -0.0396425 -0.0271556 0.0275750 -0.0444743 0.0235563 -0.0350469 0.0205885 0.0228361 0.0235939 0.0253096 0.0349895 0.0241820 0.0234783 -0.0158833 -0.0309308 0.0266681 -0.0410035 -0.0586090 -0.0427376 0.0235808 0.0221093 0.0207123 0.0264582 0.0169086 -0.0288888 -0.0621101 -0.0568068 0.0268408 -0.0530280 -0.0753724
-0.0876935 -0.0610596 -0.0296193 0.0253023 -0.0570299 -0.0637765 -0.0526192 0.0195497 0.0479562 0.0291933 -0.0490406 0.0426047 0.0394598 0.0277108 -0.0090404 0.0360927 0.6589556 0.0415904 0.0278716 0.0559001 0.0177830 0.0379019 0.0240959 0.0410655 -0.0083785 -0.0594587 -0.0575356 0.0238085 -0.0534486 0.0320797 0.0404157 -0.0575332 -0.0459844 0.0356362 0.0294616 0.0199808 0.0489443 0.0211248 0.0385122 0.0322006 -0.0415890 0.0246922 0.0216101 -0.0243766 0.0199047 -0.0370784 -0.0613417 -0.0397961 -0.0429783 -0.0107187 0.0217600 -0.0549033 0.0170923 -0.0570750 0.0279632 0.0152703 0.0329920 0.0230456 0.0373076 0.0191289 0.0358892 -0.0205642 -0.0502438 0.0254110 -0.0524175 -0.0459649 -0.0442773 0.0260504 0.0238147 0.0176886 0.0303706 0.0407214 -0.0284943 -0.0593118 -0.0656364 0.0344254 -0.0608488 -0.0855714
-0.0876772 -0.0594979 -0.0080037 0.0226094 -0.0622972 -0.0540813 -0.0552611 0.0223696 0.0352374 0.0342078 -0.0478810 0.0325277 0.0267241 0.0335574 0.0020029 0.0310309 0.0415904 0.6365158 0.0328324 0.0408670 0.0270037 0.0289786 0.0250025 0.0266289 -0.0001127 -0.0559656 -0.0626418 0.0309316 -0.0490014 0.0259500 0.0306216 -0.0504371 -0.0508171 0.0373807 0.0317214 0.0255869 0.0388625 0.0265357 0.0247807 0.0369410 -0.0432023 0.0369812 0.0228368 -0.0271690 0.0294024 -0.0359103 -0.0594614 -0.0432491 -0.0456463 -0.0230672 0.0303621 -0.0437341 0.0243014 -0.0537282 0.0265720 0.0306764 0.0276346 0.0340786 0.0491497 0.0241179 0.0372241 -0.0130232 -0.0435830 0.0303108 -0.0532587 -0.0523423 -0.0344183 0.0230038 0.0226991 0.0245806 0.0270896 0.0286784 -0.0402413 -0.0577391 -0.0709720 0.0293725 -0.0622093 -0.0830927
-0.0766349 -0.0617179 -0.0153477 0.0213135 -0.0450833 -0.0443827 -0.0418398 0.0191258 0.0360150 0.0271886 -0.0485306 0.0304129 0.0369681 0.0327431 -0.0030040 0.0257455 0.0278716 0.0328324 0.6355669 0.0290932 0.0173357 0.0206826 0.0222736 0.0393715 -0.0070211 -0.0520634 -0.0444691 0.0296739 -0.0489091 0.0292769 0.0256558 -0.0462039 -0.0459891 0.0202647 0.0316458 0.0195156 0.0298883 0.0205789 0.0292088 0.0264660 -0.0466768 0.0349619 0.0186875 -0.0241830 0.0323251 -0.0425218 -0.0615177 -0.0314981 -0.0270833 -0.0246468 0.0200080 -0.0420078 0.0247906 -0.0434154 0.0210965 0.0303516 0.0319935 0.0317225 0.0344903 0.0216860 0.0400741 -0.0183760 -0.0378262 0.0212157 -0.0508665 -0.0481934 -0.0437216 0.0195556 0.0206699 0.0224210 0.0223138 0.0273938 -0.0373143 -0.0609150 -0.0603918 0.0242661 -0.0521813 -0.0733977
-0.0697383 -0.0503723 -0.0516076 0.0108553 -0.0397678 -0.0350660 -0.0555601 0.0065510 0.0228420 0.0274280 -0.0443172 0.0419823 0.0348533 0.0259459 -0.0277127 0.0315096 0.0559001 0.0408670 0.0290932 0.6872311 0.0113594 0.0292464 0.0153420 0.0481685 -0.0199865 -0.0572406 -0.0405275 0.0511414 -0.0526714 0.0296020 0.0375098 -0.0537462 -0.0527056 0.0361627 0.0146247 0.0241963 0.0321408 0.0099885 0.0308825 0.0176554 -0.0382977 0.0370153 0.0082043 -0.0264274 0.0233678 -0.0421595 -0.0502383 -0.0417203 -0.0285722 -0.0200856 0.0212072 -0.0633415 0.0180704 -0.0627304 0.0216421 0.0207242 0.0282435 0.0141352 0.0363743 0.0079864 0.0324415 -0.0241092 -0.0583599 0.0245086 -0.0567350 -0.0287604 -0.0402059 0.0074676 0.0178135 0.0158303 0.0460788 0.0404094 -0.0151144 -0.0496464 -0.0619046 0.0234236 -0.0604216 -0.0686625
-0.1013758 -0.0816527 0.1027970 0.0455351 -0.0632491 -0.0765779 -0.0518184 0.0635856 0.0119253 0.0277521 -0.0556108 0.0170622 0.0192220 0.0258913 0.0518166 0.0174881 0.0177830 0.0270037 0.0173357 0.0113594 0.5825368 0.0297684 0.0601608 0.0226701 0.0459761 -0.0643127 -0.0646626 0.0197431 -0.0573716 0.0348574 0.0273172 -0.0335237 -0.0675286 0.0171526 0.0301073 0.0264773 0.0305968 0.0674764 0.0339311 0.0358774 -0.0408953 0.0266253 0.0651943 -0.0269999 0.0364997 -0.0470852 -0.0815765 -0.0582413 -0.0419878 -0.0382868 0.0433635 -0.0438053 0.0472149 -0.0260791 0.0357104 0.0488973 0.0323585 0.0315044 0.0275874 0.0703431 0.0180341 0.0251799 -0.0213705 0.0490970 -0.0424177 -0.0587512 -0.0218463 0.0426547 0.0271156 0.0346251 0.0090904 0.0140214 -0.0776058 -0.0773933 -0.0807073 0.0314083 -0.0770925 -0.0941006
-0.0758466 -0.0530852 0.0057313 0.0287578 -0.0580994 -0.0635371 -0.0512591 0.0267538 0.0243905 0.0244260 -0.0530693 0.0265960 0.0307043 0.0268660 0.0058177 0.0196196 0.0379019 0.0289786 0.0206826 0.0292464 0.0297684 0.6379340 0.0310305 0.0198210 0.0030025 -0.0546644 -0.0630520 0.0304785 -0.0438798 0.0324244 0.0279805 -0.0419277 -0.0432176 0.0340429 0.0309640 0.0246238 0.0370472 0.0358533 0.0326813 0.0257104 -0.0420860 0.0229122 0.0295400 -0.0231696 0.0244914 -0.0355282 -0.0530588 -0.0487916 -0.0319948 -0.0242147 0.0256440 -0.0462115 0.0207946 -0.0451860 0.0309762 0.0220836 0.0248177 0.0187943 0.0242551 0.0246979 0.0237306 -0.0066752 -0.0346970 0.0269385 -0.0447708 -0.0429363 -0.0317987 0.0300908 0.0226116 0.0229384 0.0159072 0.0272188 -0.0431804 -0.0516904 -0.0514313 0.0191461 -0.0632623 -0.0717646
-0.1324091 -0.1156581 0.1645200 0.0623089 -0.0776130 -0.0832922 -0.0565454 0.0922160 0.0185669 0.0351574 -0.0751860 0.0213683 0.0172601 0.0374343 0.0847852 0.0241775 0.0240959 0.0250025 0.0222736 0.0153420 0.0601608 0.0310305 0.5536572 0.0142414 0.0710537 -0.0867111 -0.0785353 0.0354619 -0.0678123 0.0366548 0.0239789 -0.0362434 -0.0754854 0.0243518 0.0458513 0.0382828 0.0410750 0.0943576 0.0369689 0.0517539 -0.0603655 0.0282126 0.0891721 -0.0285709 0.0499558 -0.0501515 -0.1156328 -0.0722462 -0.0461992 -0.0452984 0.0639568 -0.0571839 0.0586613 -0.0253146 0.0464634 0.0634160 0.0385382 0.0494416 0.0325147 0.1013257 0.0213757 0.0412098 -0.0129323 0.0686607 -0.0479791 -0.0897708 -0.0288594 0.0601307 0.0385055 0.0455352 0.0165794 0.0110191 -0.0859963 -0.1106382 -0.1030508 0.0402377 -0.0940439 -0.1213841
-0.0614602 -0.0719940 -0.0285241 0.0202870 -0.0472016 -0.0493056 -0.0486703 0.0186653 0.0345173 0.0266209 -0.0448424 0.0329804 0.0415516 0.0261425 -0.0155210 0.0352479 0.0410655 0.0266289 0.0393715 0.0481685 0.0226701 0.0198210 0.0142414 0.6567665 -0.0135132 -0.0446268 -0.0491633 0.0326446 -0.0515314 0.0326779 0.0320694 -0.0455721 -0.0392357 0.0303118 0.0201225 0.0205417 0.0268966 0.0181158 0.0375174 0.0191633 -0.0469809 0.0364974 0.0151140 -0.0324357 0.0241034 -0.0382462 -0.0718628 -0.0330936 -0.0446947 -0.0129197 0.0192605 -0.0436516 0.0278366 -0.0436683 0.0254308 0.0233595 0.0290280 0.0203062 0.0351117 0.0176685 0.0318635 -0.0238238 -0.0390264 0.0206572 -0.0449440 -0.0507625 -0.0491391 0.0214444 0.0228236 0.0168578 0.0182835 0.0392975 -0.0479769 -0.0697779 -0.0538187 0.0259332 -0.0442816 -0.0574891
-0.1613331 0.0874921 0.1908034 0.0469813 -0.0931226 -0.1011124 -0.0720576 0.0767535 -0.0165758 0.0105345 -0.0971204 -0.0093156 -0.0105087 0.0135775 0.0788941 -0.0022836 -0.0083785 -0.0001127 -0.0070211 -0.0199865 0.0459761 0.0030025 0.0710537 -0.0135132 0.5743620 -0.0919463 -0.0998515 0.0045045 -0.0789447 0.0102717 -0.0045821 -0.0514954 -0.0984169 -0.0041713 0.0148099 0.0150435 0.0065602 0.0837946 0.0122319 0.0301688 0.1014911 0.0030811 0.0755219 -0.0356310 0.0336536 -0.0640443 0.0873329 -0.0891124 -0.0599669 -0.0625183 0.0515636 -0.0676503 0.0454411 -0.0353839 0.0267138 0.0459560 0.0117890 0.0247254 0.0064087 0.0879157 -0.0101410 0.1309444 -0.0243878 0.0464348 -0.0607426 0.0921290 0.1086655 0.0400521 0.0201592 0.0355958 -0.0133682 -0.0152080 -0.1098695 0.0882795 -0.1221359 0.0118679 -0.1088874 -0.1515883
0.1578467 -0.0435725 -0.1056061 -0.0702739 0.1562942 0.0979055 0.1028895 -0.0810073 -0.0451242 -0.0592005 0.0773354 -0.0502242 -0.0444997 -0.0569172 -0.0512721 -0.0486361 -0.0594587 -0.0559656 -0.0520634 -0.0572406 -0.0643127 -0.0546644 -0.0867111 -0.0446268 -0.0919463 0.6953312 0.1432196 -0.0646553 0.1208220 -0.0553119 -0.0506455 0.0963650 0.0807082 -0.0611174 -0.0666521 -0.0568369 -0.0628284 -0.0903538 -0.0638987 -0.0678736 -0.0448125 -0.0578716 -0.0778670 0.0203553 -0.0722416 0.0598586 -0.0435211 0.0924705 0.0551450 0.0196806 -0.0722989 0.1265724 -0.0702771 0.0899203 -0.0644157 -0.0714561 -0.0584650 -0.0637478 -0.0615000 -0.0889864 -0.0550626 -0.0828335 0.0772839 -0.0669444 0.0887370 -0.0371207 -0.0513963 -0.0645830 -0.0481640 -0.0686996 -0.0367423 -0.0484591 0.0696661 -0.0438134 0.1594384 -0.0531303 0.1748600 0.1484256
0.1830004 -0.0920953 -0.0959349 -0.0713745 0.1721093 0.1425823 0.1092620 -0.0742193 -0.0397034 -0.0565803 0.0805799 -0.0527987 -0.0545567 -0.0624902 -0.0434690 -0.0422606 -0.0575356 -0.0626418 -0.0444691 -0.0405275 -0.0646626 -0.0630520 -0.0785353 -0.0491633 -0.0998515 0.1432196 0.7013003 -0.0472759 0.1308702 -0.0548527 -0.0501654 0.0945741 0.0829512 -0.0533911 -0.0633459 -0.0501626 -0.0583651 -0.0860272 -0.0672828 -0.0640958 -0.0794465 -0.0592721 -0.0744350 0.0086894 -0.0659470 0.0612443 -0.0924138 0.0864126 0.0815470 0.0328326 -0.0729061 0.1127927 -0.0652817 0.0827812 -0.0728065 -0.0692696 -0.0514403 -0.0645238 -0.0556612 -0.0803663 -0.0499995 -0.0977931 0.0817891 -0.0671681 0.0953595 -0.0891545 -0.0912442 -0.0608635 -0.0533894 -0.0632915 -0.0169761 -0.0605950 0.1287432 -0.0916471 0.1538455 -0.0612771 0.1637174 0.1752260
-0.0956519 -0.0571242 0.0014380 0.0280325 -0.0437688 -0.0451013 -0.0591749 0.0252247 0.0244985 0.0245142 -0.0546804 0.0391792 0.0252393 0.0385895 -0.0013655 0.0204641 0.0238085 0.0309316 0.0296739 0.0511414 0.0197431 0.0304785 0.0354619 0.0326446 0.0045045 -0.0646553 -0.0472759 0.6502882 -0.0552769 0.0323689 0.0237959 -0.0548562 -0.0560256 0.0326184 0.0389698 0.0191905 0.0330538 0.0269682 0.0257727 0.0330533 -0.0454013 0.0329759 0.0263046 -0.0238963 0.0356877 -0.0454862 -0.0570481 -0.0448231 -0.0291242 -0.0282383 0.0233389 -0.0526822 0.0309441 -0.0551124 0.0383853 0.0378623 0.0232383 0.0319353 0.0366060 0.0316140 0.0459108 -0.0085918 -0.0471007 0.0284230 -0.0577939 -0.0472354 -0.0341228 0.0211676 0.0196210 0.0276422 0.0371214 0.0279015 -0.0384300 -0.0557183 -0.0742152 0.0251214 -0.0676539 -0.0917930
0.1292043 -0.0525948 -0.0741519 -0.0572208 0.1138160 0.1002859 0.0805964 -0.0627140 -0.0439356 -0.0513386 0.0477716 -0.0516887 -0.0500256 -0.0556320 -0.0343865 -0.0447019 -0.0534486 -0.0490014 -0.0489091 -0.0526714 -0.0573716 -0.0438798 -0.0678123 -0.0515314 -0.0789447 0.1208220 0.1308702 -0.0552769 0.6539149 -0.0520592 -0.0439198 0.0791438 0.0536212 -0.0529689 -0.0424490 -0.0453525 -0.0541939 -0.0707291 -0.0459486 -0.0614617 -0.0577002 -0.0543948 -0.0632279 -0.0061530 -0.0604611 0.0955344 -0.0526574 0.0929444 0.0589048 0.0209242 -0.0589689 0.1152595 -0.0569127 0.0661793 -0.0570506 -0.0587607 -0.0510684 -0.0476063 -0.0560996 -0.0648338 -0.0479482 -0.0751715 0.0593801 -0.0552816 0.0656772 -0.0518329 -0.0554280 -0.0634919 -0.0485797 -0.0562861 -0.0402178 -0.0404389 0.0749219 -0.0528445 0.1861639 -0.0514277 0.1509972 0.1238534
-0.0810913 -0.0808324 0.0236709 0.0297894 -0.0550731 -0.0569671 -0.0442324 0.0345322 0.0293591 0.0275161 -0.0471494 0.0226724 0.0284774 0.0218675 0.0105912 0.0188795 0.0320797 0.0259500 0.0292769 0.0296020 0.0348574 0.0324244 0.0366548 0.0326779 0.0102717 -0.0553119 -0.0548527 0.0323689 -0.0520592 0.6191732 0.0258207 -0.0413079 -0.0489012 0.0308140 0.0292670 0.0233261 0.0430703 0.0388195 0.0253261 0.0334559 -0.0473419 0.0286216 0.0375355 -0.0321966 0.0323977 -0.0452952 -0.0809068 -0.0477175 -0.0393129 -0.0269527 0.0280273 -0.0440820 0.0299492 -0.0394937 0.0301182 0.0319687 0.0304308 0.0254904 0.0277458 0.0396007 0.0342777 -0.0059941 -0.0335196 0.0348604 -0.0466063 -0.0545967 -0.0390917 0.0374447 0.0250340 0.0231222 0.0233786 0.0247798 -0.0461838 -0.0771070 -0.0656569 0.0237963 -0.0496429 -0.0756950
-0.0774493 -0.0679378 -0.0034918 0.0249769 -0.0541494 -0.0556463 -0.0453570 0.0256820 0.0295442 0.0320590 -0.0364279 0.0343183 0.0340909 0.0284506 -0.0012407 0.0293714 0.0404157 0.0306216 0.0256558 0.0375098 0.0273172 0.0279805 0.0239789 0.0320694 -0.0045821 -0.0506455 -0.0501654 0.0237959 -0.0439198 0.0258207 0.6339769 -0.0408264 -0.0416680 0.0246602 0.0252797 0.0158533 0.0246328 0.0235840 0.0330510 0.0237399 -0.0509522 0.0258328 0.0226116 -0.0164103 0.0269960 -0.0309368 -0.0679712 -0.0357553 -0.0318558 -0.0170831 0.0210461 -0.0464597 0.0303914 -0.0396354 0.0269142 0.0224165 0.0283849 0.0202816 0.0298406 0.0272558 0.0190557 -0.0185298 -0.0349105 0.0240739 -0.0414171 -0.0533539 -0.0413304 0.0249834 0.0207949 0.0250184 0.0209834 0.0353013 -0.0406706 -0.0666924 -0.0642325 0.0240531 -0.0511045 -0.0757512
0.1528039 -0.1005974 -0.0042265 -0.0389851 0.0817855 0.0758302 0.0850943 -0.0280827 -0.0468702 -0.0447794 0.0470700 -0.0505354 -0.0433664 -0.0461177 0.0009155 -0.0424884 -0.0575332 -0.0504371 -0.0462039 -0.0537462 -0.0335237 -0.0419277 -0.0362434 -0.0455721 -0.0514954 0.0963650 0.0945741 -0.0548562 0.0791438 -0.0413079 -0.0408264 0.5949044 0.0767657 -0.0511302 -0.0425303 -0.0286588 -0.0454161 -0.0335975 -0.0480690 -0.0433321 -0.0798953 -0.0465425 -0.0301261 0.0186942 -0.0472857 0.0403062 -0.1007217 0.0631850 0.0370959 0.0453239 -0.0405277 0.0877334 -0.0398970 0.0824732 -0.0364398 -0.0364572 -0.0421985 -0.0418634 -0.0457643 -0.0320076 -0.0496698 -0.0569139 0.0749835 -0.0342382 0.0733810 -0.0838525 -0.0639592 -0.0298963 -0.0336610 -0.0397400 -0.0415309 -0.0449797 0.0592157 -0.0986967 0.1230899 -0.0402242 0.0879678 0.1483712
0.1235095 -0.0520744 -0.1198078 -0.0656848 0.1014365 0.1113013 0.0726555 -0.0769321 -0.0397013 -0.0571941 0.1567814 -0.0504324 -0.0408503 -0.0475619 -0.0599057 -0.0432651 -0.0459844 -0.0508171 -0.0459891 -0.0527056 -0.0675286 -0.0432176 -0.0754854 -0.0392357 -0.0984169 0.0807082 0.0829512 -0.0560256 0.0536212 -0.0489012 -0.0416680 0.0767657 0.7394914 -0.0488990 -0.0465107 -0.0382339 -0.0589664 -0.0817395 -0.0473774 -0.0603877 -0.0580633 -0.0522690 -0.0783274 0.0959713 -0.0662217 0.1246391 -0.0519087 0.0911666 0.1163291 0.0847266 -0.0702184 0.0591847 -0.0682369 0.0591553 -0.0559829 -0.0650088 -0.0524012 -0.0535420 -0.0553970 -0.0867618 -0.0435675 -0.0907021 0.0391733 -0.0665717 0.0816207 -0.0518691 -0.0636016 -0.0563078 -0.0468006 -0.0546890 -0.0378831 -0.0317382 0.0716427 -0.0530436 0.1276559 -0.0521231 0.0888270 0.1146557
-0.0693907 -0.0603807 -0.0142039 0.0163604 -0.0601771 -0.0480781 -0.0497844 0.0219489 0.0315931 0.0292935 -0.0457612 0.0477890 0.0276425 0.0255417 -0.0049033 0.0253317 0.0356362 0.0373807 0.0202647 0.0361627 0.0171526 0.0340429 0.0243518 0.0303118 -0.0041713 -0.0611174 -0.0533911 0.0326184 -0.0529689 0.0308140 0.0246602 -0.0511302 -0.0488990 0.6562657 0.0305107 0.0245618 0.0472743 0.0227050 0.0264149 0.0273739 -0.0472084 0.0336523 0.0198654 -0.0333649 0.0247771 -0.0303821 -0.0602377 -0.0427977 -0.0404622 -0.0161178 0.0221920 -0.0441667 0.0264134 -0.0487604 0.0287330 0.0245183 0.0276895 0.0294950 0.0333824 0.0212282 0.0354498 -0.0161115 -0.0414675 0.0238682 -0.0460749 -0.0545525 -0.0429660 0.0199203 0.0180177 0.0215776 0.0306401 0.0309408 -0.0405099 -0.0581991 -0.0582969 0.0274887 -0.0577232 -0.0652831
-0.0912606 -0.0742414 0.0384167 0.0370547 -0.0630644 -0.0656561 -0.0554514 0.0419937 0.0200616 0.0297447 -0.0412491 0.0254451 0.0175745 0.0355323 0.0244362 0.0170635 0.0294616 0.0317214 0.0316458 0.0146247 0.0301073 0.0309640 0.0458513 0.0201225 0.0148099 -0.0666521 -0.0633459 0.0389698 -0.0424490 0.0292670 0.0252797 -0.0425303 -0.0465107 0.0305107 0.6142175 0.0317858 0.0337663 0.0408928 0.0323801 0.0396761 -0.0504727 0.0252748 0.0385178 -0.0166264 0.0354414 -0.0268798 -0.0740633 -0.0467461 -0.0457586 -0.0288306 0.0341273 -0.0503280 0.0358712 -0.0406644 0.0376228 0.0345414 0.0246589 0.0325242 0.0260908 0.0462342 0.0275524 -0.0011216 -0.0330012 0.0374802 -0.0399172 -0.0656995 -0.0323351 0.0327114 0.0278387 0.0247918 0.0203933 0.0328132 -0.0640607 -0.0713564 -0.0677740 0.0335279 -0.0689183 -0.0867032
-0.0732796 -0.0831142 0.0401595 0.0283704 -0.0607900 -0.0573186 -0.0380845 0.0395806 0.0212269 0.0192287 -0.0458917 0.0240862 0.0169638 0.0268585 0.0196625 0.0258853 0.0199808 0.0255869 0.0195156 0.0241963 0.0264773 0.0246238 0.0382828 0.0205417 0.0150435 -0.0568369 -0.0501626 0.0191905 -0.0453525 0.0233261 0.0158533 -0.0286588 -0.0382339 0.0245618 0.0317858 0.6230878 0.0260383 0.0440016 0.0250372 0.0297258 -0.0581784 0.0249824 0.0355728 -0.0161765 0.0312646 -0.0268527 -0.0833591 -0.0432056 -0.0411401 -0.0200535 0.0303803 -0.0409362 0.0245463 -0.0279518 0.0303245 0.0308633 0.0246647 0.0226653 0.0246805 0.0427851 0.0220979 -0.0021578 -0.0253949 0.0325815 -0.0329321 -0.0661495 -0.0425179 0.0365991 0.0242293 0.0287408 0.0234932 0.0222811 -0.0474738 -0.0800047 -0.0570819 0.0272493 -0.0582265 -0.0671598
-0.0837647 -0.0650528 0.0093894 0.0314854 -0.0597926 -0.0622412 -0.0568475 0.0314288 0.0408858 0.0260534 -0.0563836 0.0367207 0.0251075 0.0221535 0.0059019 0.0172154 0.0489443 0.0388625 0.0298883 0.0321408 0.0305968 0.0370472 0.0410750 0.0268966 0.0065602 -0.0628284 -0.0583651 0.0330538 -0.0541939 0.0430703 0.0246328 -0.0454161 -0.0589664 0.0472743 0.0337663 0.0260383 0.6525947 0.0370932 0.0274916 0.0324927 -0.0440259 0.0309323 0.0343371 -0.0316092 0.0318596 -0.0439632 -0.0650370 -0.0478049 -0.0501140 -0.0254875 0.0295360 -0.0493218 0.0255209 -0.0479918 0.0221302 0.0280185 0.0263141 0.0297522 0.0379969 0.0362119 0.0384171 -0.0034479 -0.0426813 0.0346446 -0.0513017 -0.0553410 -0.0345641 0.0289690 0.0166665 0.0255788 0.0177354 0.0257287 -0.0401677 -0.0630236 -0.0682151 0.0272900 -0.0698526 -0.0809000
-0.1434102 -0.1354956 0.1997824 0.0711786 -0.0835391 -0.0924690 -0.0555368 0.1064083 0.0117140 0.0378523 -0.0796897 0.0218231 0.0230689 0.0347157 0.1023473 0.0273146 0.0211248 0.0265357 0.0205789 0.0099885 0.0674764 0.0358533 0.0943576 0.0181158 0.0837946 -0.0903538 -0.0860272 0.0269682 -0.0707291 0.0388195 0.0235840 -0.0335975 -0.0817395 0.0227050 0.0408928 0.0440016 0.0370932 0.5446907 0.0395655 0.0538550 -0.0702511 0.0284974 0.1044618 -0.0281870 0.0530535 -0.0521422 -0.1354290 -0.0735952 -0.0469106 -0.0476112 0.0674251 -0.0588112 0.0687052 -0.0192870 0.0526764 0.0708419 0.0369557 0.0464237 0.0317552 0.1169557 0.0214243 0.0499546 -0.0058299 0.0753465 -0.0504078 -0.0994479 -0.0324794 0.0736632 0.0405550 0.0585323 0.0170107 0.0126178 -0.0866914 -0.1285797 -0.1070511 0.0413779 -0.1010408 -0.1302212
-0.0952919 -0.0619046 0.0188587 0.0314508 -0.0620080 -0.0612886 -0.0494503 0.0340353 0.0243961 0.0303418 -0.0531989 0.0325125 0.0405807 0.0274701 0.0095869 0.0339759 0.0385122 0.0247807 0.0292088 0.0308825 0.0339311 0.0326813 0.0369689 0.0375174 0.0122319 -0.0638987 -0.0672828 0.0257727 -0.0459486 0.0253261 0.0330510 -0.0480690 -0.0473774 0.0264149 0.0323801 0.0250372 0.0274916 0.0395655 0.6299305 0.0286444 -0.0444314 0.0245634 0.0324690 -0.0262729 0.0344153 -0.0316686 -0.0616100 -0.0524768 -0.0374729 -0.0223839 0.0315644 -0.0525000 0.0304809 -0.0498753 0.0341796 0.0279628 0.0268856 0.0271969 0.0327349 0.0386137 0.0274936 -0.0058647 -0.0408196 0.0358520 -0.0558223 -0.0501655 -0.0335076 0.0233488 0.0230634 0.0362140 0.0264066 0.0384064 -0.0554433 -0.0585142 -0.0673513 0.0320761 -0.0740258 -0.0891244
-0.1012961 -0.0708836 0.0621238 0.0364211 -0.0661865 -0.0641810 -0.0507605 0.0489603 0.0255052 0.0247200 -0.0586489 0.0251558 0.0205257 0.0293718 0.0300989 0.0221854 0.0322006 0.0369410 0.0264660 0.0176554 0.0358774 0.0257104 0.0517539 0.0191633 0.0301688 -0.0678736 -0.0640958 0.0330533 -0.0614617 0.0334559 0.0237399 -0.0433321 -0.0603877 0.0273739 0.0396761 0.0297258 0.0324927 0.0538550 0.0286444 0.6037310 -0.0354627 0.0330245 0.0464251 -0.0255310 0.0408564 -0.0435563 -0.0707352 -0.0566500 -0.0419952 -0.0380733 0.0410756 -0.0507435 0.0380783 -0.0354585 0.0282135 0.0445001 0.0327221 0.0411882 0.0378488 0.0545535 0.0261051 0.0130696 -0.0278840 0.0392530 -0.0536087 -0.0516953 -0.0220452 0.0316690 0.0206845 0.0274269 0.0125840 0.0261953 -0.0584527 -0.0673690 -0.0842107 0.0276951 -0.0748969 -0.0950602
-0.0973108 0.5132051 -0.0790169 -0.0416976 -0.0756922 -0.0658978 -0.0770313 -0.0733771 -0.0467312 -0.0428036 -0.0622143 -0.0483335 -0.0528493 -0.0461222 -0.0776557 -0.0468961 -0.0415890 -0.0432023 -0.0466768 -0.0382977 -0.0408953 -0.0420860 -0.0603655 -0.0469809 0.1014911 -0.0448125 -0.0794465 -0.0454013 -0.0577002 -0.0473419 -0.0509522 -0.0798953 -0.0580633 -0.0472084 -0.0504727 -0.0581784 -0.0440259 -0.0702511 -0.0444314 -0.0354627 0.7458397 -0.0338179 -0.0691425 -0.0297570 -0.0405354 -0.0581657 0.5132911 -0.0546808 -0.0579409 -0.0401834 -0.0357730 -0.0653647 -0.0457446 -0.0821789 -0.0487362 -0.0531408 -0.0396416 -0.0405021 -0.0389626 -0.0791570 -0.0482649 0.1827181 -0.0817472 -0.0692302 -0.0714093 0.5008039 0.3578937 -0.0657621 -0.0461534 -0.0477502 -0.0631533 -0.0514366 -0.0620414 0.5017690 -0.0734133 -0.0477802 -0.0697950 -0.0983268
-0.0846734 -0.0594062 -0.0049648 0.0210087 -0.0623133 -0.0406755 -0.0480336 0.0292180 0.0348982 0.0270331 -0.0435837 0.0387388 0.0299518 0.0278710 -0.0048755 0.0289661 0.0246922 0.0369812 0.0349619 0.0370153 0.0266253 0.0229122 0.0282126 0.0364974 0.0030811 -0.0578716 -0.0592721 0.0329759 -0.0543948 0.0286216 0.0258328 -0.0465425 -0.0522690 0.0336523 0.0252748 0.0249824 0.0309323 0.0284974 0.0245634 0.0330245 -0.0338179 0.6563095 0.0225488 -0.0287965 0.0333534 -0.0467589 -0.0595625 -0.0493121 -0.0452547 -0.0208893 0.0291053 -0.0507253 0.0340020 -0.0511156 0.0294755 0.0270949 0.0324320 0.0349537 0.0284468 0.0328979 0.0343347 -0.0098260 -0.0450547 0.0299378 -0.0546836 -0.0415723 -0.0363373 0.0292978 0.0163456 0.0283213 0.0224479 0.0242921 -0.0437399 -0.0571507 -0.0704522 0.0282340 -0.0694197 -0.0817416
-0.1311111 -0.1304798 0.1872617 0.0631749 -0.0742836 -0.0832373 -0.0468906 0.0988310 0.0164274 0.0332319 -0.0747277 0.0199827 0.0164021 0.0334742 0.0979604 0.0207235 0.0216101 0.0228368 0.0186875 0.0082043 0.0651943 0.0295400 0.0891721 0.0151140 0.0755219 -0.0778670 -0.0744350 0.0263046 -0.0632279 0.0375355 0.0226116 -0.0301261 -0.0783274 0.0198654 0.0385178 0.0355728 0.0343371 0.1044618 0.0324690 0.0464251 -0.0691425 0.0225488 0.5406677 -0.0305795 0.0483545 -0.0494459 -0.1304482 -0.0704708 -0.0457004 -0.0439275 0.0614223 -0.0504464 0.0620651 -0.0157050 0.0454966 0.0658346 0.0312021 0.0420176 0.0275906 0.1068551 0.0200241 0.0435706 -0.0022945 0.0704445 -0.0415237 -0.0955578 -0.0310853 0.0644905 0.0411047 0.0515539 0.0138325 0.0092184 -0.0774772 -0.1245036 -0.0961918 0.0351344 -0.0862100 -0.1186060
0.0288877 -0.0373902 -0.0339034 -0.0284450 0.0346029 0.0443570 0.0345334 -0.0291114 -0.0230929 -0.0286171 0.0791197 -0.0359859 -0.0183614 -0.0129657 -0.0251433 -0.0031457 -0.0243766 -0.0271690 -0.0241830 -0.0264274 -0.0269999 -0.0231696 -0.0285709 -0.0324357 -0.0356310 0.0203553 0.0086894 -0.0238963 -0.0061530 -0.0321966 -0.0164103 0.0186942 0.0959713 -0.0333649 -0.0166264 -0.0161765 -0.0316092 -0.0281870 -0.0262729 -0.0255310 -0.0297570 -0.0287965 -0.0305795 0.6769578 -0.0268233 0.0449945 -0.0371720 0.0185454 0.0475493 0.0245071 -0.0252196 0.0387968 -0.0300344 0.0290315 -0.0316248 -0.0241177 -0.0336074 -0.0327533 -0.0288994 -0.0316508 -0.0274405 -0.0328839 0.0055506 -0.0271940 0.0387921 -0.0267014 -0.0255841 -0.0209148 -0.0239181 -0.0264718 -0.0276818 -0.0266633 0.0411318 -0.0353569 0.0178458 -0.0213530 0.0222841 0.0279428
-0.1070255 -0.0617144 0.0597916 0.0356351 -0.0680121 -0.0732221 -0.0594083 0.0501218 0.0260280 0.0314063 -0.0662481 0.0313128 0.0215737 0.0323704 0.0269611 0.0169597 0.0199047 0.0294024 0.0323251 0.0233678 0.0364997 0.0244914 0.0499558 0.0241034 0.0336536 -0.0722416 -0.0659470 0.0356877 -0.0604611 0.0323977 0.0269960 -0.0472857 -0.0662217 0.0247771 0.0354414 0.0312646 0.0318596 0.0530535 0.0344153 0.0408564 -0.0405354 0.0333534 0.0483545 -0.0268233 0.6121576 -0.0478853 -0.0616025 -0.0628029 -0.0482062 -0.0318015 0.0398942 -0.0520000 0.0408354 -0.0423128 0.0381410 0.0472648 0.0370352 0.0328997 0.0318481 0.0566879 0.0265752 0.0136957 -0.0347596 0.0408622 -0.0532083 -0.0430283 -0.0237672 0.0376792 0.0279281 0.0375743 0.0176987 0.0243771 -0.0646180 -0.0579033 -0.0831084 0.0284042 -0.0770650 -0.0989691
0.0775912 -0.0560043 -0.0569771 -0.0399775 0.0398480 0.0648292 0.0542911 -0.0469474 -0.0310306 -0.0414789 0.1360834 -0.0370836 -0.0298629 -0.0294701 -0.0322963 -0.0286223 -0.0370784 -0.0359103 -0.0425218 -0.0421595 -0.0470852 -0.0355282 -0.0501515 -0.0382462 -0.0640443 0.0598586 0.0612443 -0.0454862 0.0955344 -0.0452952 -0.0309368 0.0403062 0.1246391 -0.0303821 -0.0268798 -0.0268527 -0.0439632 -0.0521422 -0.0316686 -0.0435563 -0.0581657 -0.0467589 -0.0494459 0.0449945 -0.0478853 0.6628512 -0.0560818 0.0701759 0.0659163 0.0276872 -0.0420236 0.0439993 -0.0425046 0.0255284 -0.0384620 -0.0448226 -0.0448580 -0.0356194 -0.0455444 -0.0513444 -0.0353177 -0.0636435 0.0246513 -0.0410247 0.0528708 -0.0576184 -0.0588464 -0.0386522 -0.0307184 -0.0424950 -0.0271164 -0.0291271 0.0862223 -0.0556181 0.1142043 -0.0331696 0.0520501 0.0728917
-0.0793636 0.9530178 -0.1846202 -0.0779929 -0.0674211 -0.0648519 -0.0926637 -0.1434459 -0.0634211 -0.0635672 -0.0609807 -0.0650430 -0.0691935 -0.0592174 -0.1435194 -0.0645946 -0.0613417 -0.0594614 -0.0615177 -0.0502383 -0.0815765 -0.0530588 -0.1156328 -0.0718628 0.0873329 -0.0435211 -0.0924138 -0.0570481 -0.0526574 -0.0809068 -0.0679712 -0.1007217 -0.0519087 -0.0602377 -0.0740633 -0.0833591 -0.0650370 -0.1354290 -0.0616100 -0.0707352 0.5132911 -0.0595625 -0.1304482 -0.0371720 -0.0616025 -0.0560818 0.9650322 -0.0596466 -0.0651393 -0.0464714 -0.0731949 -0.0784340 -0.0908296 -0.1094683 -0.0736062 -0.0936907 -0.0655857 -0.0718168 -0.0623706 -0.1478931 -0.0687920 0.1924060 -0.1165403 -0.1162976 -0.0842954 0.5997252 0.4124748 -0.1145688 -0.0717463 -0.0778960 -0.0788236 -0.0458072 -0.0565935 0.9106337 -0.0677238 -0.0731460 -0.0655485 -0.0930963
0.1268849 -0.0599139 -0.0981273 -0.0571965 0.0852515 0.1049144 0.0734050 -0.0707395 -0.0473792 -0.0467576 0.1051011 -0.0379183 -0.0459499 -0.0555334 -0.0431635 -0.0433771 -0.0397961 -0.0432491 -0.0314981 -0.0417203 -0.0582413 -0.0487916 -0.0722462 -0.0330936 -0.0891124 0.0924705 0.0864126 -0.0448231 0.0929444 -0.0477175 -0.0357553 0.0631850 0.0911666 -0.0427977 -0.0467461 -0.0432056 -0.0478049 -0.0735952 -0.0524768 -0.0566500 -0.0546808 -0.0493121 -0.0704708 0.0185454 -0.0628029 0.0701759 -0.0596466 0.6949441 0.0823673 0.0585543 -0.0655282 0.0685861 -0.0607125 0.0634644 -0.0539691 -0.0656300 -0.0474838 -0.0396651 -0.0511241 -0.0752306 -0.0414815 -0.0836414 0.0597789 -0.0592698 0.1037012 -0.0516267 -0.0661042 -0.0540342 -0.0515812 -0.0530861 -0.0361192 -0.0432844 0.1303704 -0.0648065 0.1053753 -0.0499665 0.1174700 0.1121147
