0.6856742 0.1435438 0.1319826 -0.1256769 -0.0819350 -0.1794207 -0.1207830 0.2000301 -0.1619497 -0.0135884 -0.2111864 0.1346951 -0.1266453 0.0554308 0.2617005 -0.1175732 0.0730922 -0.0687150 -0.0009767 0.0958722 -0.1649161 0.0469247 0.1276305 0.2356805 0.2765560 -0.1133698 -0.0569872 -0.0409604 -0.3072933 0.0275754 -0.0447850 0.0124111 0.0135151 -0.2187117 0.0120298 -0.0121169 -0.1164892 0.0499946 -0.0490845 0.0589400 0.2089089 -0.0889474 -0.1052831 0.1438812 -0.0912644 0.1016978 0.1553582 0.1460228 -0.0171631 -0.1041348 0.0437931 -0.1356442 -0.1957285 -0.0783496 0.0919167 0.0249118 -0.1687635 -0.0344894 0.0027996 0.2437488 -0.0634862 0.0470877 -0.1865505 -0.1899961 -0.1211111 -0.0199878 0.3361191 -0.0786105 0.0872354 -0.2823068 0.2528222 0.0449197 0.1182276 -0.2399581 0.0587151 -0.0770883 -0.1277391 -0.0597154
0.1435438 0.4840041 0.1530351 -0.1298892 -0.1113566 0.0149317 0.0600207 -0.0822980 -0.1004183 0.1484345 -0.1594421 0.1186742 0.0411011 0.2665859 -0.1175157 -0.0048303 0.1377461 0.0825938 -0.0438381 0.3039473 0.0165651 0.1067293 0.1121509 -0.1473278 0.0308079 -0.0497325 0.0771108 -0.0449730 -0.0725783 0.1067333 0.0185489 0.0431400 0.0764030 -0.1546489 0.1438367 -0.0410373 0.0407643 -0.2963051 0.1042025 0.2705892 0.1731579 -0.1092211 -0.0165768 -0.1120551 0.0865931 0.0590589 0.2813503 0.0421667 0.0333667 -0.2093985 0.0274537 -0.0991778 -0.0321444 0.0010289 -0.1730447 0.0758924 -0.1072010 0.0190543 -0.1000147 -0.0433588 0.0588378 -0.1541718 -0.0413122 -0.0678331 0.1588421 -0.0465026 0.0494215 0.0860643 -0.1646159 -0.1775421 0.1912138 0.1112383 -0.2620990 -0.1497620 -0.2281668 -0.0129627 -0.1453986 -0.2069111
0.1319826 0.1530351 0.8529214 -0.2100627 -0.1611263 -0.3207416 -0.1952050 0.0930210 -0.3133729 -0.1943212 -0.1962721 -0.0415186 -0.2939164 0.0666744 0.8933740 -0.0240878 0.0278333 -0.0345123 -0.2208633 0.1579533 0.2543339 -0.1017145 0.4941416 0.3844670 0.0301781 -0.2675143 -0.3022462 -0.1077451 0.1215276 -0.2724095 -0.1200563 0.0272552 -0.1413795 0.0961039 -0.1759702 -0.0179125 -0.1738510 -0.0938231 -0.1179978 0.0603887 0.0381703 -0.2882981 0.2584448 0.2152730 -0.2932726 -0.0731108 0.3476776 0.0321211 0.0088688 0.7538630 -0.0868907 -0.0943509 -0.4116283 -0.3783102 -0.1977223 -0.1660927 -0.1210006 -0.1782238 -0.6509587 0.3311007 0.1728473 -0.4100221 -0.3587927 -0.4473790 0.1599235 -0.2208823 0.3567390 0.1198479 0.6650923 0.0575302 0.5484939 -0.2298800 0.8716394 -0.5256969 0.1854516 -0.0340003 -0.3247540 -0.0845839
-0.1256769 -0.1298892 -0.2100627 0.8526909 -0.2853140 0.0298036 -0.2654478 -0.0497086 -0.2401631 -0.0781463 -0.1559459 0.1446343 -0.0756684 -0.1067733 0.1962701 -0.2872618 -0.0896816 0.2267368 -0.0777516 -0.1659610 -0.2225589 -0.2647364 -0.1671413 -0.1960263 -0.0191827 -0.2733755 0.1178380 0.1097638 -0.3296994 0.3161859 -0.0226390 -0.1003782 -0.0917781 -0.3377373 0.0825195 -0.1634241 -0.3094965 0.5943328 -0.1426755 -0.1102152 -0.0496829 0.3340504 -0.1870305 -0.2476672 0.2968241 -0.0234185 -0.1185744 0.0018118 -0.1256016 0.0127217 -0.3098322 0.2911180 0.1309705 0.6148111 0.1161360 -0.1301814 -0.2243154 -0.1733196 0.2150084 0.1532109 0.0326379 0.5580398 0.1115544 0.6718041 -0.1141440 0.6168254 -0.1780014 -0.1003667 -0.0090206 0.5617473 -0.1821716 -0.0293155 -0.3554060 0.5888417 -0.3093433 -0.1549612 0.6494595 -0.2294490
-0.0819350 -0.1113566 -0.1611263 -0.2853140 1.0970373 0.5728368 0.2804115 0.1558737 0.5148111 0.0577865 0.5625532 -0.1740212 0.0963080 -0.0876646 -0.7150868 0.2889825 0.0545256 -0.2815016 -0.1467739 -0.0501633 0.0904642 0.4859962 -0.2227147 -0.1875153 0.0909055 0.6393998 -0.1301189 -0.0936081 0.3950575 -0.2225292 0.0215597 0.0646294 0.0603965 0.4172016 -0.1209651 0.3351554 0.5326443 -0.5557052 0.1420508 -0.0889118 0.0100816 -0.0088440 -0.0571329 0.0241273 -0.2382878 0.0439486 -0.1441095 -0.4150727 0.1622781 -0.7292297 0.7761911 -0.4352366 -0.1076748 -0.1822950 0.1598497 0.2130413 0.5071572 0.3743302 0.5064411 -0.5748009 -0.1741132 -0.3164485 -0.0680466 -0.2791176 -0.2290976 -0.1551664 -0.2744260 -0.1779344 -0.6553715 -0.2696289 -0.2514175 0.0187988 -0.4659898 -0.0517802 0.0734665 0.2309053 -0.1290383 0.3620555
-0.1794207 0.0149317 -0.3207416 0.0298036 0.5728368 1.7247342 0.2120770 -0.3218502 0.0261495 0.2761322 0.1577965 0.1733924 0.1704402 -0.0027748 -0.8679560 -0.0600774 0.1673870 -0.0017697 -0.0221945 -0.1507632 -0.0907882 0.0387825 -0.3211615 -0.4617715 -0.1778130 0.0569584 0.2408420 0.2684062 -0.1564486 0.2089248 0.1374476 0.0372670 0.1143604 -0.1996084 0.1961685 -0.0128519 0.0130151 -0.4877915 0.3191352 -0.0079555 0.0281323 0.0989083 -0.0936524 -0.3357057 0.2815103 0.0387121 -0.1018873 0.0000768 0.2107427 -0.5107200 0.5683006 -0.0026207 0.2464129 0.1001108 0.0586334 0.1546983 0.0599084 0.1131450 1.2969662 -0.4706584 0.1015574 0.0571962 0.1834291 0.1625880 -0.0497188 0.0321462 -0.4497622 -0.1158687 -0.4549240 -0.1046176 -0.3908221 0.1404845 -0.7788927 0.0059958 -0.4774103 0.1822239 0.0449738 -0.2265140
-0.1207830 0.0600207 -0.1952050 -0.2654478 0.2804115 0.2120770 1.0792960 -0.0498367 0.2895361 0.3000832 0.2054557 -0.1048679 0.1571070 0.1010644 -0.7384272 0.7426212 0.1969018 -0.2671030 0.0581225 -0.0454225 0.2379008 0.3734195 -0.2263314 -0.3503231 -0.0369403 0.3476731 -0.0299846 0.0078222 0.1664890 -0.0585157 0.1546572 0.1259013 0.2292149 0.1234806 -0.0736551 0.0852919 0.4001736 -0.7439788 0.3574930 0.0973879 0.0805213 0.0514069 0.0502806 0.0128580 0.0136498 0.0818077 -0.0606457 -0.2581996 0.2463119 -0.7616649 0.2939568 -0.2679975 -0.0158824 -0.1668819 -0.1332392 0.1843553 0.3578600 0.2027762 0.7362540 -0.2146437 -0.1337783 -0.2136421 0.0092808 -0.1022032 0.0582861 -0.2337623 -0.2889532 -0.0134797 -0.6961438 -0.3609195 -0.3001163 0.1710642 -0.6223108 -0.0454871 -0.0950470 0.2388631 -0.2144969 0.1671310
0.2000301 -0.0822980 0.0930210 -0.0497086 0.1558737 -0.3218502 -0.0498367 0.5748607 0.1127266 -0.1384608 -0.0092320 -0.0239175 -0.1195998 -0.0402536 0.0045578 0.0121159 -0.0870698 -0.2335974 0.0615808 -0.0769728 0.1009624 0.0487997 0.1481518 0.1386115 0.4393336 0.0741599 -0.1963851 -0.0609301 -0.0596837 -0.1635046 0.0166584 0.1081009 0.0237851 -0.0197433 -0.1637887 0.0656159 -0.1278200 0.0960231 -0.1808090 -0.0441363 0.0876503 0.1337829 -0.0332227 0.2872866 -0.3208827 0.1630960 0.0029558 -0.1820449 -0.0642791 0.0992993 0.0717764 -0.1704000 -0.1995927 -0.2305565 -0.1365734 -0.0384242 0.0744573 -0.0227827 -0.3053324 0.1122003 -0.0796707 -0.1243404 -0.1726522 -0.2119294 -0.1560173 -0.1467378 0.1725099 -0.0298309 0.0541288 -0.1516606 0.0803300 0.0561507 0.1120437 -0.0169054 0.3056130 -0.1042337 -0.0889774 0.2556045
-0.1619497 -0.1004183 -0.3133729 -0.2401631 0.5148111 0.0261495 0.2895361 0.1127266 1.2330483 0.0404344 0.4230440 -0.2118496 0.1352817 -0.0435417 -0.8469108 0.1700950 -0.0507761 -0.2935532 0.4279764 -0.0868679 0.1401224 0.5101834 -0.0801370 -0.4068338 0.1337674 0.6010404 -0.0679596 0.1951795 0.4132163 -0.1718528 0.0344466 0.0845800 0.2058720 0.3056464 -0.1178847 0.3726243 0.5120200 -0.1089359 0.1299193 -0.0376257 -0.0241523 -0.0631595 -0.0134101 0.0244420 -0.1819310 0.0418214 -0.1933247 -0.3443902 0.0717239 -0.6904544 0.4535008 -0.3423229 0.0233964 -0.1781517 0.0843560 0.1451600 0.5313695 0.4532616 -0.1602913 -0.5593607 -0.1910020 -0.1688912 0.0256796 -0.1093202 -0.0662755 -0.2817118 -0.3087647 -0.1135617 -0.6739400 -0.2599584 -0.3490921 0.1329083 -0.4886297 0.0423553 0.3947719 0.0916111 -0.2067153 0.4279889
-0.0135884 0.1484345 -0.1943212 -0.0781463 0.0577865 0.2761322 0.3000832 -0.1384608 0.0404344 0.5081407 0.0338196 0.0622906 0.2849719 0.2069899 -0.6182490 0.1051964 0.2394251 -0.0849986 0.1024548 0.0713585 0.0050730 0.1161824 -0.1964288 -0.2296784 -0.0660970 0.1073238 0.1482111 0.0550146 -0.0666257 0.1221988 0.2688342 0.1076767 0.2333189 -0.0843318 0.0851775 0.0533870 0.1393640 -0.4768701 0.3271072 0.2007069 0.1796725 0.0341063 0.0154057 -0.1924661 0.1884432 0.1948112 0.0479865 -0.0632813 0.2397218 -0.5770909 0.0308690 -0.0966997 0.1712059 0.0116277 -0.0690100 0.1996895 0.1077576 0.1674022 0.0715132 -0.3846045 -0.0643046 -0.0320983 0.1827498 0.0859667 0.1613886 -0.0618309 -0.2263707 0.0857543 -0.5047718 -0.2841702 -0.1624068 0.2685321 -0.6191131 -0.0637965 -0.3389395 0.2041183 -0.0259247 -0.0670518
-0.2111864 -0.1594421 -0.1962721 -0.1559459 0.5625532 0.1577965 0.2054557 -0.0092320 0.4230440 0.0338196 0.7599933 -0.0121812 0.0772569 -0.1261133 -0.7272112 0.2706876 0.0621119 -0.1198073 -0.1738818 -0.0693864 0.0674267 0.4095452 -0.3185081 -0.2160471 -0.1058151 0.5078077 0.0658179 0.0879709 0.3685613 -0.0640678 0.0109138 -0.0303656 -0.0075573 0.4187674 0.0351366 0.2300943 0.5543473 -0.4461631 0.1073150 -0.1259606 -0.0262461 0.1295637 -0.0755541 -0.0331632 -0.0030176 -0.0470251 -0.1780643 -0.2649341 0.1319373 -0.5621970 0.3701282 -0.1911235 0.0988727 -0.0263734 0.2212826 0.1205288 0.4665896 0.2528217 -0.1019547 -0.5118486 -0.0358375 -0.1794337 0.1017666 -0.1010461 -0.1879199 0.0052579 -0.3021145 -0.1496105 -0.5017219 -0.1230425 -0.2627956 -0.0700383 -0.5033649 0.0911340 0.0295715 0.2037708 0.0110824 0.3045529
0.1346951 0.1186742 -0.0415186 0.1446343 -0.1740212 0.1733924 -0.1048679 -0.0239175 -0.2118496 0.0622906 -0.0121812 0.5854124 -0.0459323 -0.0096695 -0.3950381 -0.0833221 0.2054010 0.1891465 -0.0962705 0.0551129 -0.2323834 0.0320650 -0.2063781 -0.2297250 0.0347260 -0.1803656 0.3448054 0.3072150 -0.3864293 0.3749807 0.0338301 -0.0611659 -0.0310269 -0.2883290 0.3413846 -0.0884127 -0.0297671 -0.1392556 0.0171119 -0.0047800 0.2465933 0.2130373 -0.2021294 -0.2718876 0.3569723 0.0627081 0.1057246 0.0504348 0.0438283 -0.2018116 -0.0394523 0.1893287 0.2004068 0.2723694 0.0309218 0.0206632 -0.1322680 -0.0993689 -0.0371897 -0.0577305 0.1458765 0.0788600 0.1382027 0.1653709 -0.1434297 0.3343130 -0.0486050 -0.0973103 -0.1880732 -0.0722005 -0.1329655 0.0278210 -0.5953665 0.0561506 -0.3885621 -0.0046148 0.1836408 -0.2104918
-0.1266453 0.0411011 -0.2939164 -0.0756684 0.0963080 0.1704402 0.1571070 -0.1195998 0.1352817 0.2849719 0.0772569 -0.0459323 0.5512853 0.1040073 -0.7141532 0.1243143 0.1548715 -0.0395714 0.1100118 0.1171347 0.0252568 0.0121110 -0.1868575 -0.1848864 -0.0812541 0.1787935 0.2205039 -0.0499203 0.0989608 0.0156610 0.2812138 0.1179772 0.2390476 -0.0133196 0.0927036 0.0752799 0.1788749 -0.3204896 0.2412554 0.0994289 0.0716823 -0.0733113 0.0483863 -0.1727993 0.1029766 0.1821458 -0.0558162 -0.1631707 0.1721009 -0.5514297 -0.0761886 -0.0792145 0.3331306 0.0508511 -0.1365868 0.2526979 0.1186630 0.1818210 0.0295773 -0.4204966 -0.1433692 -0.0152864 0.3335543 0.1029086 0.1778875 -0.0767358 -0.1900084 0.1100570 -0.4765181 -0.1311273 -0.2359266 0.2743148 -0.4648395 0.0750477 -0.1630699 0.2429641 0.0129696 -0.0540899
0.0554308 0.2665859 0.0666744 -0.1067733 -0.0876646 -0.0027748 0.1010644 -0.0402536 -0.0435417 0.2069899 -0.1261133 -0.0096695 0.1040073 0.4268137 -0.2494600 -0.0366138 0.0530044 -0.0108905 0.0210377 0.2145582 0.0576498 0.0258791 0.1270138 -0.0933267 0.0578455 0.0094674 0.0129561 -0.0405647 -0.0220814 0.0365943 0.0799948 0.0869707 0.1431195 -0.1459198 0.0696541 -0.0108650 -0.0352684 -0.2410497 0.1440229 0.3093292 0.0914064 -0.0560224 0.0023530 -0.0556367 0.0104620 0.1004847 0.1845641 0.0745221 0.0607034 -0.2075419 -0.1001795 -0.1819982 0.0069930 -0.0718027 -0.1335942 0.1036215 -0.0745641 0.0706991 -0.1371146 -0.0373951 0.0743983 -0.0929626 0.0079476 -0.0387101 0.2063901 -0.1446775 -0.0692615 0.1221811 -0.1376211 -0.1432346 0.2036588 0.1719635 -0.2483313 -0.1238665 -0.1800733 0.0164795 -0.1101032 -0.1544037
0.2617005 -0.1175157 0.8933740 0.1962701 -0.7150868 -0.8679560 -0.7384272 0.0045578 -0.8469108 -0.6182490 -0.7272112 -0.3950381 -0.7141532 -0.2494600 3.8485866 -0.5177519 -0.4065958 0.1470431 0.2035878 -0.1104708 -0.0466564 -0.6217949 0.6581403 1.4288291 -0.2798748 -0.8141041 -0.6999281 -0.6282932 -0.0807882 -0.4346247 -0.5476667 -0.4217512 -0.6793311 0.2087850 -0.5472848 -0.4491364 -0.6864431 1.3190161 -0.6596639 -0.2460684 -0.3644819 -0.4308671 0.3150553 0.4122069 -0.4541614 -0.4847187 0.1820593 0.5077796 -0.5242276 2.7480173 -0.2623159 0.7016652 -0.8272789 -0.1437980 -0.1999680 -0.6585370 -0.6585565 -0.7241598 -0.4432438 1.1352637 -0.0710106 0.0073545 -0.7380166 -0.2302985 0.0576249 0.0666416 0.5812458 0.1218772 2.0304618 0.4511611 0.6455944 -0.6598475 2.9976490 -0.2669744 0.3143728 -0.5725532 -0.1063358 0.2573194
-0.1175732 -0.0048303 -0.0240878 -0.2872618 0.2889825 -0.0600774 0.7426212 0.0121159 0.1700950 0.1051964 0.2706876 -0.0833221 0.1243143 -0.0366138 -0.5177519 1.0224974 0.2029696 -0.1849183 -0.1362268 0.0727320 0.2120403 0.2693720 -0.2477780 -0.1320030 -0.0759462 0.3033960 -0.0148259 -0.0643469 0.2278379 -0.1638968 0.0695728 0.0572198 0.0511122 0.2370234 -0.0495864 0.0426554 0.4451159 -0.5974887 0.1947500 -0.0339056 0.0670707 -0.0299371 0.0439558 0.0715516 -0.0767814 0.0065154 -0.0443967 -0.3736257 0.2029717 -0.6042815 0.1940816 -0.2345492 -0.0200231 -0.1213671 -0.1681490 0.1883878 0.2962308 0.0538325 0.5989812 -0.1074244 -0.1281942 -0.3304952 0.0218184 -0.2310482 -0.0640056 -0.0835632 -0.1136125 -0.0194244 -0.5540448 -0.2227396 -0.1597723 -0.0111118 -0.3400806 -0.0410808 0.1099391 0.3040577 -0.1370892 0.1140389
0.0730922 0.1377461 0.0278333 -0.0896816 0.0545256 0.1673870 0.1969018 -0.0870698 -0.0507761 0.2394251 0.0621119 0.2054010 0.1548715 0.0530044 -0.4065958 0.2029696 0.5089162 -0.0751928 -0.0323686 0.1034055 -0.0100528 0.1408686 -0.2339270 -0.1685786 -0.0720317 0.0046216 0.1502176 0.1043765 -0.1288969 0.1068894 0.2163558 0.0787781 0.1044216 -0.0510525 0.0918564 0.0611337 0.1885859 -0.4888355 0.2291309 0.0565335 0.2725023 -0.0104345 0.0130376 -0.1451590 0.1864358 0.1579859 0.1151933 -0.2018957 0.2557840 -0.4979126 0.1061334 -0.0016863 0.0756750 0.0244961 -0.0685845 0.1359874 0.1174248 0.0633472 -0.0403416 -0.3545246 -0.0498835 -0.1397700 0.1014750 -0.0232851 0.0117695 0.0760803 -0.0059821 0.0514967 -0.4533605 -0.2666847 -0.0925919 0.1119206 -0.5009859 -0.1567956 -0.2223680 0.2377650 -0.0263567 -0.0767278
-0.0687150 0.0825938 -0.0345123 0.2267368 -0.2815016 -0.0017697 -0.2671030 -0.2335974 -0.2935532 -0.0849986 -0.1198073 0.1891465 -0.0395714 -0.0108905 0.1470431 -0.1849183 -0.0751928 0.7595704 -0.2621232 0.1627724 -0.2071094 -0.1693083 0.0447957 -0.0653520 -0.1376754 -0.1842891 0.2670118 0.0232277 -0.0700711 0.4144493 -0.2178675 -0.2256877 -0.1843588 -0.0807248 0.3191419 -0.3011086 -0.0792790 0.3119613 -0.1220794 0.0009821 -0.0553008 0.1957335 -0.0584825 -0.4211063 0.4055824 -0.1892137 0.1008067 0.2542957 -0.1839590 0.1549156 -0.2862402 0.2099539 0.1927119 0.4610763 0.0825330 0.0137150 -0.3821607 -0.2443799 0.1741743 0.2403671 0.0845196 0.1741556 0.1487601 0.2633216 0.0662674 0.4149992 -0.2696277 -0.1807564 0.1851055 0.3798441 -0.1276647 -0.1225968 -0.1069114 0.3114744 -0.4223295 -0.1199235 0.3111970 -0.4612302
-0.0009767 -0.0438381 -0.2208633 -0.0777516 -0.1467739 -0.0221945 0.0581225 0.0615808 0.4279764 0.1024548 -0.1738818 -0.0962705 0.1100118 0.0210377 0.2035878 -0.1362268 -0.0323686 -0.2621232 1.0919350 -0.1175826 -0.1052677 -0.0322753 0.0090015 0.0733011 0.1157699 -0.0203650 -0.0268429 0.1903354 -0.1947811 -0.0639914 0.0944540 0.0535232 0.1822607 -0.1323933 -0.0933774 0.0780696 -0.1084912 0.2455845 0.0866181 0.0228895 0.0288571 -0.1603532 0.0300332 -0.0284294 -0.0810718 0.0995211 -0.1378377 -0.0547548 0.0189551 0.4075559 0.0613694 0.2608205 0.0464849 -0.1576877 -0.2154568 0.0484955 -0.0144302 0.1082121 -0.1794170 -0.2959396 -0.1034645 -0.0655516 0.0355986 -0.0143543 -0.0024796 -0.2383764 -0.0874646 0.1081535 -0.0700241 -0.3179123 -0.3030247 0.1928145 0.3953124 -0.1438728 0.2066307 -0.0262966 -0.1823007 0.3920180
0.0958722 0.3039473 0.1579533 -0.1659610 -0.0501633 -0.1507632 -0.0454225 -0.0769728 -0.0868679 0.0713585 -0.0693864 0.0551129 0.1171347 0.2145582 -0.1104708 0.0727320 0.1034055 0.1627724 -0.1175826 0.4819672 -0.0165398 0.0413102 0.0854052 -0.0049567 0.0012935 0.0259295 0.1152009 -0.1088946 0.0348345 0.0272548 -0.0374437 -0.0100459 0.0070457 -0.0432845 0.1858087 -0.0719795 0.1280250 -0.1835284 0.0502176 0.2206689 0.1220904 -0.1716473 -0.0293021 -0.1206917 0.0183161 0.0055012 0.2405097 -0.0219333 0.0175953 -0.2205241 -0.0730788 -0.1539765 0.0406012 0.0737630 -0.1910702 0.1740908 -0.1509045 -0.0318313 -0.1862970 -0.0804820 0.0370011 -0.2144350 0.0405501 -0.1242749 0.1037917 0.0458909 0.0410872 0.0614680 -0.1718823 -0.0689008 0.2160503 0.0347948 -0.1202786 -0.0763505 -0.0859646 0.0808170 -0.0561933 -0.2440781
-0.1649161 0.0165651 0.2543339 -0.2225589 0.0904642 -0.0907882 0.2379008 0.1009624 0.1401224 0.0050730 0.0674267 -0.2323834 0.0252568 0.0576498 -0.0466564 0.2120403 -0.0100528 -0.2071094 -0.1052677 -0.0165398 0.6952212 0.0871232 0.2245732 -0.0426940 -0.0516839 0.1023329 -0.2126494 -0.1351577 0.3977456 -0.2967981 0.0977022 0.1613103 0.0910183 0.2439956 -0.2318298 0.0541640 0.0930455 -0.3495734 0.0600211 0.0517176 -0.0861679 -0.0818287 0.2847046 0.3121058 -0.2348102 0.0195288 0.0718153 -0.1221176 0.0715604 0.0613853 0.0296158 -0.1983995 -0.1417086 -0.4051835 -0.2275866 -0.0869496 0.2672473 0.0350455 -0.4292334 -0.0581220 -0.0041370 -0.2550697 -0.1048923 -0.2411426 0.2605202 -0.4312798 0.0593030 0.1562642 0.1271719 -0.0423880 0.1835419 0.0069816 0.1935292 -0.1466402 0.2664576 0.0420323 -0.3434881 0.1073317
0.0469247 0.1067293 -0.1017145 -0.2647364 0.4859962 0.0387825 0.3734195 0.0487997 0.5101834 0.1161824 0.4095452 0.0320650 0.0121110 0.0258791 -0.6217949 0.2693720 0.1408686 -0.1693083 -0.0322753 0.0413102 0.0871232 0.8301910 -0.1347984 -0.4055582 0.1094202 0.5540801 0.0059105 0.0026228 0.2915195 0.0286998 -0.0040705 0.0473472 0.1684641 0.3044524 0.0177296 0.3200773 0.6426892 -0.6945496 0.1941667 0.0290865 0.1454215 0.0282490 -0.0796301 -0.0383168 0.0091351 0.0380044 0.0097739 -0.2769616 0.1222727 -0.7620572 0.6046122 -0.2705329 -0.0977738 -0.0699651 0.1409251 0.1294535 0.4913345 0.4145280 -0.1695403 -0.5727574 -0.1357522 -0.2420749 -0.0933244 -0.1409806 -0.1093410 -0.1170411 -0.2194058 -0.1577360 -0.7173053 -0.3676440 -0.3134001 0.0855788 -0.6387255 -0.0376186 -0.1451772 0.0851399 -0.2150486 0.3968561
0.1276305 0.1121509 0.4941416 -0.1671413 -0.2227147 -0.3211615 -0.2263314 0.1481518 -0.0801370 -0.1964288 -0.3185081 -0.2063781 -0.1868575 0.1270138 0.6581403 -0.2477780 -0.2339270 0.0447957 0.0090015 0.0854052 0.2245732 -0.1347984 0.9292214 0.2804193 0.2414511 -0.1464433 -0.2773531 -0.1547764 0.1886513 -0.2560496 -0.1577391 0.1182049 0.0509043 0.0142583 -0.1571394 0.0078034 -0.2974477 0.1582033 -0.1360775 0.1235416 -0.1202618 -0.3078659 0.2939208 0.1948055 -0.3744983 -0.0486568 0.2190222 0.2208177 -0.1531069 0.7204009 -0.2031724 -0.2126621 -0.2793925 -0.3591792 -0.1756088 -0.1153451 -0.1942617 -0.0198527 -0.5004564 0.4576199 0.1094152 -0.1709108 -0.2826426 -0.2983272 0.2819480 -0.4076942 0.1837247 0.0482394 0.7156202 0.1451572 0.3682663 -0.0314092 0.8660606 -0.3197072 0.1782088 -0.2014405 -0.3505080 -0.0544788
0.2356805 -0.1473278 0.3844670 -0.1960263 -0.1875153 -0.4617715 -0.3503231 0.1386115 -0.4068338 -0.2296784 -0.2160471 -0.2297250 -0.1848864 -0.0933267 1.4288291 -0.1320030 -0.1685786 -0.0653520 0.0733011 -0.0049567 -0.0426940 -0.4055582 0.2804193 1.0479444 -0.0634853 -0.2840092 -0.3077472 -0.2843336 -0.0055594 -0.3978994 -0.1616416 -0.1362685 -0.2963580 0.1726406 -0.2407029 -0.1743512 -0.3231850 0.5011804 -0.2713355 -0.0978307 -0.1504202 -0.2910005 0.1716423 0.3455666 -0.4141082 -0.1329077 0.0300904 0.2927217 -0.1412592 1.2075514 -0.2674026 0.1080383 -0.2794034 -0.3582512 -0.0539000 -0.1387029 -0.3061189 -0.3309116 -0.2347814 0.6033244 -0.0188272 -0.1541941 -0.2282683 -0.4508896 -0.0121678 -0.2050821 0.3298251 0.0871687 1.0331770 -0.0401905 0.4934829 -0.2696432 1.5550959 -0.3899602 0.3733675 -0.0779171 -0.1971289 0.1228874
0.2765560 0.0308079 0.0301781 -0.0191827 0.0909055 -0.1778130 -0.0369403 0.4393336 0.1337674 -0.0660970 -0.1058151 0.0347260 -0.0812541 0.0578455 -0.2798748 -0.0759462 -0.0720317 -0.1376754 0.1157699 0.0012935 -0.0516839 0.1094202 0.2414511 -0.0634853 0.4613968 0.1043450 -0.1003089 0.0577032 -0.1925363 -0.0027952 -0.0197284 0.2054087 0.2158138 -0.2041277 -0.0206144 0.1576996 -0.1285241 -0.0293939 -0.0244478 0.0555688 0.1374299 0.0311276 -0.0694731 0.1032711 -0.2168007 0.1863543 0.0251466 -0.1348914 -0.0038702 -0.2413353 0.0556930 -0.2578745 -0.1412160 -0.0699297 -0.0084174 0.1141966 -0.0352545 0.1580969 -0.1290748 -0.0091804 -0.0005906 -0.0131853 -0.1424847 -0.0880859 -0.1627478 -0.0715701 0.0463306 -0.1143173 -0.2087363 -0.0821016 -0.0337711 0.1672429 -0.1604874 -0.0436304 0.0733675 -0.0520814 -0.0315526 0.1244156
-0.1133698 -0.0497325 -0.2675143 -0.2733755 0.6393998 0.0569584 0.3476731 0.0741599 0.6010404 0.1073238 0.5078077 -0.1803656 0.1787935 0.0094674 -0.8141041 0.3033960 0.0046216 -0.1842891 -0.0203650 0.0259295 0.1023329 0.5540801 -0.1464433 -0.2840092 0.1043450 0.8512448 -0.0126895 -0.0871848 0.4590907 -0.1212635 0.0172944 0.0680091 0.1911546 0.4043850 -0.0243296 0.3302955 0.6281966 -0.5525478 0.1872716 0.0066804 -0.0137150 -0.0032278 -0.0504381 -0.0167793 -0.1352858 0.0343654 -0.1500864 -0.3102317 0.1123720 -0.7856211 0.4714691 -0.3950468 0.0328105 -0.0849462 0.1396113 0.2448235 0.4934487 0.4488243 -0.0189380 -0.5890618 -0.1721068 -0.2179014 0.0438201 -0.1427473 -0.0917802 -0.1768014 -0.3472238 -0.1482634 -0.7114211 -0.2335314 -0.3462061 0.1118916 -0.5254026 0.0802786 0.0069768 0.1793001 -0.1274318 0.4082254
-0.0569872 0.0771108 -0.3022462 0.1178380 -0.1301189 0.2408420 -0.0299846 -0.1963851 -0.0679596 0.1482111 0.0658179 0.3448054 0.2205039 0.0129561 -0.6999281 -0.0148259 0.1502176 0.2670118 -0.0268429 0.1152009 -0.2126494 0.0059105 -0.2773531 -0.3077472 -0.1003089 -0.0126895 0.5327626 0.2124381 -0.1797823 0.3547147 0.0849146 -0.0736972 0.0633708 -0.2091986 0.4067235 -0.0992385 0.1147378 -0.1590027 0.1056375 0.0146260 0.1200677 0.1436599 -0.1790916 -0.3734728 0.4005756 0.0394925 -0.0172364 0.0497438 0.0385127 -0.3901157 -0.1299857 0.1625880 0.4513465 0.3674917 -0.0177428 0.1577456 -0.0957701 -0.0092429 0.0906685 -0.2315463 0.0610498 0.1394236 0.3682889 0.2791635 -0.0152795 0.2884034 -0.2492319 -0.0726823 -0.3480950 0.0072206 -0.3255490 0.1244509 -0.6783208 0.2435971 -0.4201878 0.0836176 0.2225532 -0.2293793
-0.0409604 -0.0449730 -0.1077451 0.1097638 -0.0936081 0.2684062 0.0078222 -0.0609301 0.1951795 0.0550146 0.0879709 0.3072150 -0.0499203 -0.0405647 -0.6282932 -0.0643469 0.1043765 0.0232277 0.1903354 -0.1088946 -0.1351577 0.0026228 -0.1547764 -0.2843336 0.0577032 -0.0871848 0.2124381 0.7285535 -0.2968515 0.2303945 0.0287296 0.0245591 0.0576121 -0.2265635 0.2167152 -0.0012431 -0.0518667 0.0238512 0.1161584 -0.0352437 0.1235139 0.1794975 -0.1082997 -0.1839665 0.2263073 0.0264491 -0.0581427 0.0018555 0.1380655 -0.2725805 -0.0778249 0.0548319 0.1858316 0.1353300 0.1069327 0.0606101 -0.0268288 -0.0111109 -0.0853638 -0.1968811 0.2184044 0.0889830 0.1355601 0.1394935 -0.1635003 0.1892057 -0.2109194 -0.1235074 -0.2604433 -0.0041306 -0.1650219 0.0110495 -0.5446454 0.0085952 -0.0171336 0.0971939 0.1576854 -0.1387173
-0.3072933 -0.0725783 0.1215276 -0.3296994 0.3950575 -0.1564486 0.1664890 -0.0596837 0.4132163 -0.0666257 0.3685613 -0.3864293 0.0989608 -0.0220814 -0.0807882 0.2278379 -0.1288969 -0.0700711 -0.1947811 0.0348345 0.3977456 0.2915195 0.1886513 -0.0055594 -0.1925363 0.4590907 -0.1797823 -0.2968515 0.9993628 -0.3855782 -0.0380032 0.0145397 0.0049596 0.6347460 -0.2047300 0.2212967 0.4575023 -0.3143041 0.0074810 -0.0260337 -0.2401115 -0.2263343 0.2756818 0.1324192 -0.3013812 -0.1278612 -0.0252296 -0.1247764 -0.0287988 0.0307539 0.2182015 -0.3219998 -0.0679702 -0.3453387 -0.0382484 -0.0117417 0.4328888 0.2564195 -0.3497687 -0.1305506 -0.1226846 -0.3455245 -0.0444476 -0.2993984 0.2627847 -0.4334200 -0.1514095 0.0367470 0.0895907 0.0236300 -0.0062236 -0.0772339 0.2951326 -0.0815983 0.1943559 0.0529740 -0.3432223 0.2753952
0.0275754 0.1067333 -0.2724095 0.3161859 -0.2225292 0.2089248 -0.0585157 -0.1635046 -0.1718528 0.1221988 -0.0640678 0.3749807 0.0156610 0.0365943 -0.4346247 -0.1638968 0.1068894 0.4144493 -0.0639914 0.0272548 -0.2967981 0.0286998 -0.2560496 -0.3978994 -0.0027952 -0.1212635 0.3547147 0.2303945 -0.3855782 0.6242162 -0.0057834 -0.1096088 0.0276171 -0.3639117 0.3452229 -0.1476845 -0.0258970 -0.0238617 0.0652121 0.0385488 0.1480812 0.4056317 -0.2757235 -0.4135837 0.5965669 0.0203153 0.0124315 0.0749280 -0.0122633 -0.4229914 -0.1072293 0.3086965 0.2513749 0.5148965 0.2139453 0.0542409 -0.1875308 -0.0558850 0.2321094 -0.1518284 0.0712121 0.3304228 0.2077525 0.4458748 -0.1054890 0.4657805 -0.2830847 -0.1645294 -0.3851626 0.0962121 -0.3120857 0.0872467 -0.8156095 0.3369530 -0.5688405 -0.0579081 0.3699700 -0.2713126
-0.0447850 0.0185489 -0.1200563 -0.0226390 0.0215597 0.1374476 0.1546572 0.0166584 0.0344466 0.2688342 0.0109138 0.0338301 0.2812138 0.0799948 -0.5476667 0.0695728 0.2163558 -0.2178675 0.0944540 -0.0374437 0.0977022 -0.0040705 -0.1577391 -0.1616416 -0.0197284 0.0172944 0.0849146 0.0287296 -0.0380032 -0.0057834 0.4656105 0.1955552 0.2254351 -0.0892609 -0.0456280 0.1374231 0.0160520 -0.3616446 0.2045289 0.0711250 0.1543898 0.0049737 0.0905808 -0.0248676 0.0702733 0.2648294 -0.0030437 -0.1945140 0.2176253 -0.3932163 -0.0582693 -0.0068512 0.1633245 -0.1182280 -0.0979330 0.0829246 0.1911207 0.1550512 -0.1314230 -0.2896850 -0.0955630 -0.0116669 0.1891226 0.0579891 0.1543181 -0.1474570 -0.0266080 0.1759006 -0.3216188 -0.2120942 -0.0889557 0.2578960 -0.4316587 -0.0954608 -0.1411413 0.1805993 -0.0555845 0.0215233
0.0124111 0.0431400 0.0272552 -0.1003782 0.0646294 0.0372670 0.1259013 0.1081009 0.0845800 0.1076767 -0.0303656 -0.0611659 0.1179772 0.0869707 -0.4217512 0.0572198 0.0787781 -0.2256877 0.0535232 -0.0100459 0.1613103 0.0473472 0.1182049 -0.1362685 0.2054087 0.0680091 -0.0736972 0.0245591 0.0145397 -0.1096088 0.1955552 0.4520561 0.2702224 -0.0416895 -0.0919656 0.2016470 -0.0266834 -0.3815900 0.1621454 0.0870387 0.0837209 -0.0986847 0.1708544 0.1205223 -0.1316771 0.1959878 0.0222821 -0.2016549 0.1704654 -0.3020934 -0.0095860 -0.1562453 -0.0246306 -0.2217544 -0.0698287 0.0851307 0.1480717 0.2057754 -0.2101634 -0.2163885 0.0151986 -0.0916235 -0.0011985 -0.0867605 0.0831892 -0.2505616 0.0117996 0.1067742 -0.2308691 -0.1040480 0.0328403 0.1873922 -0.1878201 -0.1747560 0.0125204 0.1312223 -0.1570069 0.0728353
0.0135151 0.0764030 -0.1413795 -0.0917781 0.0603965 0.1143604 0.2292149 0.0237851 0.2058720 0.2333189 -0.0075573 -0.0310269 0.2390476 0.1431195 -0.6793311 0.0511122 0.1044216 -0.1843588 0.1822607 0.0070457 0.0910183 0.1684641 0.0509043 -0.2963580 0.2158138 0.1911546 0.0633708 0.0576121 0.0049596 0.0276171 0.2254351 0.2702224 0.4620574 -0.1088419 0.0099428 0.2120489 0.1016971 -0.4782083 0.2845314 0.1335151 0.1136303 -0.0600700 0.0755046 -0.0220666 0.0058398 0.2249521 -0.0215603 -0.1603272 0.1949336 -0.5592567 0.0334635 -0.1704828 0.1138481 -0.0844400 -0.0509963 0.1966145 0.1691420 0.3192140 -0.1720791 -0.4271125 -0.0472974 -0.0047254 0.1117058 0.0505376 0.1191263 -0.2139737 -0.1793828 0.0493994 -0.4870721 -0.1653076 -0.2253718 0.3154746 -0.4523432 -0.0623644 -0.1718421 0.1540769 -0.1207310 0.1026913
-0.2187117 -0.1546489 0.0961039 -0.3377373 0.4172016 -0.1996084 0.1234806 -0.0197433 0.3056464 -0.0843318 0.4187674 -0.2883290 -0.0133196 -0.1459198 0.2087850 0.2370234 -0.0510525 -0.0807248 -0.1323933 -0.0432845 0.2439956 0.3044524 0.0142583 0.1726406 -0.2041277 0.4043850 -0.2091986 -0.2265635 0.6347460 -0.3639117 -0.0892609 -0.0416895 -0.1088419 0.9520442 -0.2116731 0.1909986 0.4786929 -0.2110045 -0.0065372 -0.1372815 -0.1616132 -0.1743454 0.2718390 0.1988191 -0.2795782 -0.1598075 -0.0658161 -0.0691668 0.0237285 0.1842195 0.4145925 -0.1915843 -0.1655988 -0.3219796 0.0031990 -0.0159583 0.3943345 0.1551917 -0.4598078 -0.2868285 -0.1305004 -0.4305889 -0.1194877 -0.3807671 0.0504801 -0.2728226 -0.0826272 0.0458886 0.0696496 -0.1110777 -0.1148707 -0.1954292 0.4457248 -0.1629736 0.2503052 0.1024942 -0.2862081 0.3982874
0.0120298 0.1438367 -0.1759702 0.0825195 -0.1209651 0.1961685 -0.0736551 -0.1637887 -0.1178847 0.0851775 0.0351366 0.3413846 0.0927036 0.0696541 -0.5472848 -0.0495864 0.0918564 0.3191419 -0.0933774 0.1858087 -0.2318298 0.0177296 -0.1571394 -0.2407029 -0.0206144 -0.0243296 0.4067235 0.2167152 -0.2047300 0.3452229 -0.0456280 -0.0919656 0.0099428 -0.2116731 0.5143516 -0.1376113 0.0746516 -0.1189119 0.0666130 0.0741201 0.1107197 0.1311560 -0.2023314 -0.3463367 0.3336165 -0.0241532 0.0541083 0.1189028 -0.0007365 -0.3025753 -0.1129503 0.0717681 0.3287701 0.3574557 0.0014493 0.1596193 -0.1939153 -0.0553663 0.0779183 -0.1302217 0.1524844 0.0796072 0.2460501 0.1919404 -0.0638710 0.3086407 -0.2389802 -0.1213362 -0.2616335 0.0409992 -0.1782035 0.0491301 -0.5692815 0.1905107 -0.3894457 0.0388228 0.2105316 -0.2804891
-0.0121169 -0.0410373 -0.0179125 -0.1634241 0.3351554 -0.0128519 0.0852919 0.0656159 0.3726243 0.0533870 0.2300943 -0.0884127 0.0752799 -0.0108650 -0.4491364 0.0426554 0.0611337 -0.3011086 0.0780696 -0.0719795 0.0541640 0.3200773 0.0078034 -0.1743512 0.1576996 0.3302955 -0.0992385 -0.0012431 0.2212967 -0.1476845 0.1374231 0.2016470 0.2120489 0.1909986 -0.1376113 0.7122321 0.2642148 -0.4030909 0.1199535 -0.0148825 0.0651960 -0.1623457 0.0698388 0.0332905 -0.1667867 0.1457117 -0.0558752 -0.2854099 0.1354838 -0.3690488 0.3013206 -0.1858106 -0.0666789 -0.2361051 0.1646858 0.0673550 0.3944129 0.4481870 -0.2302624 -0.3482255 -0.0860669 -0.1638906 -0.0414412 -0.1447815 -0.0260349 -0.2514888 -0.0123587 0.0247974 -0.3543946 -0.2011887 -0.1294678 0.1307477 -0.2222810 -0.2357096 0.0012240 0.1107962 -0.1946395 0.3602462
-0.1164892 0.0407643 -0.1738510 -0.3094965 0.5326443 0.0130151 0.4001736 -0.1278200 0.5120200 0.1393640 0.5543473 -0.0297671 0.1788749 -0.0352684 -0.6864431 0.4451159 0.1885859 -0.0792790 -0.1084912 0.1280250 0.0930455 0.6426892 -0.2974477 -0.3231850 -0.1285241 0.6281966 0.1147378 -0.0518667 0.4575023 -0.0258970 0.0160520 -0.0266834 0.1016971 0.4786929 0.0746516 0.2642148 0.8821534 -0.7136484 0.2329834 -0.0306708 0.0793484 -0.0349476 -0.0447158 -0.1041162 0.0596053 -0.0359175 -0.0586141 -0.3380131 0.1708447 -0.8394886 0.5116950 -0.2382675 0.0683296 0.0208799 0.1121952 0.2267043 0.5181095 0.3633328 -0.1429121 -0.7026153 -0.1811254 -0.2951339 0.0820243 -0.1384906 -0.0846432 -0.0276731 -0.3398786 -0.1330114 -0.7905146 -0.2880289 -0.3718981 0.0150189 -0.5895247 0.0484674 -0.1184698 0.2509850 -0.1329342 0.3385516
0.0499946 -0.2963051 -0.0938231 0.5943328 -0.5557052 -0.4877915 -0.7439788 0.0960231 -0.1089359 -0.4768701 -0.4461631 -0.1392556 -0.3204896 -0.2410497 1.3190161 -0.5974887 -0.4888355 0.3119613 0.2455845 -0.1835284 -0.3495734 -0.6945496 0.1582033 0.5011804 -0.0293939 -0.5525478 -0.1590027 0.0238512 -0.3143041 -0.0238617 -0.3616446 -0.3815900 -0.4782083 -0.2110045 -0.1189119 -0.4030909 -0.7136484 2.0944629 -0.6089759 -0.2328255 -0.3175103 0.0571831 -0.1662539 0.0981614 -0.1180393 -0.2703255 -0.1567042 0.4835190 -0.5178741 0.9965323 -0.5071301 0.2579772 -0.0795868 0.4278843 0.0711607 -0.3375529 -0.6238532 -0.5385567 0.2498024 0.9806998 -0.0352744 0.6176630 -0.0991763 0.4041955 -0.1371956 0.4994318 0.2703696 -0.0457024 0.9515499 0.6794694 0.2705117 -0.3098817 0.8833743 0.4792961 0.5753595 -0.4720873 0.5428942 -0.3398820
-0.0490845 0.1042025 -0.1179978 -0.1426755 0.1420508 0.3191352 0.3574930 -0.1808090 0.1299193 0.3271072 0.1073150 0.0171119 0.2412554 0.1440229 -0.6596639 0.1947500 0.2291309 -0.1220794 0.0866181 0.0502176 0.0600211 0.1941667 -0.1360775 -0.2713355 -0.0244478 0.1872716 0.1056375 0.1161584 0.0074810 0.0652121 0.2045289 0.1621454 0.2845314 -0.0065372 0.0666130 0.1199535 0.2329834 -0.6089759 0.5694545 0.1402894 0.1409474 -0.0382677 0.0676522 -0.1368473 0.1298118 0.1392764 0.0049320 -0.1374113 0.2968698 -0.6454762 0.1144529 -0.1553830 0.1197767 -0.0217684 -0.0207610 0.2417932 0.1693667 0.2294323 0.0305142 -0.5276899 -0.0150029 -0.0918034 0.1331786 0.0188101 0.0945014 -0.0904837 -0.2425814 0.0239321 -0.5790079 -0.2195725 -0.2184627 0.2083925 -0.5390505 -0.1114264 -0.2298680 0.2834963 -0.0732780 -0.0057018
0.0589400 0.2705892 0.0603887 -0.1102152 -0.0889118 -0.0079555 0.0973879 -0.0441363 -0.0376257 0.2007069 -0.1259606 -0.0047800 0.0994289 0.3093292 -0.2460684 -0.0339056 0.0565335 0.0009821 0.0228895 0.2206689 0.0517176 0.0290865 0.1235416 -0.0978307 0.0555688 0.0066804 0.0146260 -0.0352437 -0.0260337 0.0385488 0.0711250 0.0870387 0.1335151 -0.1372815 0.0741201 -0.0148825 -0.0306708 -0.2328255 0.1402894 0.4495025 0.0953056 -0.0609816 0.0097469 -0.0655198 0.0130130 0.0943406 0.1880369 0.0702722 0.0590270 -0.2104305 -0.0948865 -0.1787950 0.0029862 -0.0658474 -0.1356532 0.1042466 -0.0790320 0.0642336 -0.1367644 -0.0398252 0.0723205 -0.0995629 0.0040114 -0.0431598 0.1989689 -0.1354292 -0.0393524 0.1152600 -0.1434960 -0.1455447 0.2024888 0.1638013 -0.2481629 -0.1232754 -0.1559742 0.0170576 -0.1098698 -0.1621354
0.2089089 0.1731579 0.0381703 -0.0496829 0.0100816 0.0281323 0.0805213 0.0876503 -0.0241523 0.1796725 -0.0262461 0.2465933 0.0716823 0.0914064 -0.3644819 0.0670707 0.2725023 -0.0553008 0.0288571 0.1220904 -0.0861679 0.1454215 -0.1202618 -0.1504202 0.1374299 -0.0137150 0.1200677 0.1235139 -0.2401115 0.1480812 0.1543898 0.0837209 0.1136303 -0.1616132 0.1107197 0.0651960 0.0793484 -0.3175103 0.1409474 0.0953056 0.4245059 0.0312346 -0.0618250 -0.1347424 0.1281036 0.1945242 0.1533277 -0.1585238 0.1720510 -0.4507291 0.0840783 -0.0569387 0.0141406 0.0455333 -0.0622267 0.1283182 0.0256736 0.0638911 -0.1276203 -0.2346765 -0.0387459 -0.1002228 0.0292086 -0.0242699 -0.0466567 0.0985911 0.0352788 0.0006898 -0.4103039 -0.2754159 -0.0490563 0.1466689 -0.5041534 -0.1353957 -0.2006104 0.1241599 -0.0031681 -0.0688438
-0.0889474 -0.1092211 -0.2882981 0.3340504 -0.0088440 0.0989083 0.0514069 0.1337829 -0.0631595 0.0341063 0.1295637 0.2130373 -0.0733113 -0.0560224 -0.4308671 -0.0299371 -0.0104345 0.1957335 -0.1603532 -0.1716473 -0.0818287 0.0282490 -0.3078659 -0.2910005 0.0311276 -0.0032278 0.1436599 0.1794975 -0.2263343 0.4056317 0.0049737 -0.0986847 -0.0600700 -0.1743454 0.1311560 -0.1623457 -0.0349476 0.0571831 -0.0382677 -0.0609816 0.0312346 0.6639496 -0.2574352 -0.1132411 0.3791674 0.0147259 -0.1262935 -0.0307347 -0.0283692 -0.3436584 -0.0776548 0.1915951 0.1291918 0.3391656 0.2045970 -0.0521971 0.0101176 -0.1362373 0.1206235 -0.0888309 0.0478413 0.3082491 0.1213321 0.3639290 -0.1958582 0.3675674 -0.2887957 -0.1679645 -0.2829980 0.1275826 -0.2240314 -0.0014073 -0.7279223 0.4649993 -0.2410346 -0.0778438 0.3902562 -0.0629165
-0.1052831 -0.0165768 0.2584448 -0.1870305 -0.0571329 -0.0936524 0.0502806 -0.0332227 -0.0134101 0.0154057 -0.0755541 -0.2021294 0.0483863 0.0023530 0.3150553 0.0439558 0.0130376 -0.0584825 0.0300332 -0.0293021 0.2847046 -0.0796301 0.2939208 0.1716423 -0.0694731 -0.0504381 -0.1790916 -0.1082997 0.2756818 -0.2757235 0.0905808 0.1708544 0.0755046 0.2718390 -0.2023314 0.0698388 -0.0447158 -0.1662539 0.0676522 0.0097469 -0.0618250 -0.2574352 0.7417579 0.1016415 -0.2131410 0.0189814 0.0880870 -0.0170849 0.0861626 0.3983903 -0.0863630 -0.0769074 -0.1149936 -0.3524128 -0.1990284 -0.0446070 0.0795409 0.0320068 -0.3944675 0.0308488 -0.0267133 -0.2503234 -0.0775660 -0.2354399 0.2960831 -0.3575627 0.0534164 0.1405286 0.3375802 0.0039343 0.0770893 -0.0002219 0.5488124 -0.2981782 0.1042733 0.0791478 -0.2948989 0.0419756
0.1438812 -0.1120551 0.2152730 -0.2476672 0.0241273 -0.3357057 0.0128580 0.2872866 0.0244420 -0.1924661 -0.0331632 -0.2718876 -0.1727993 -0.0556367 0.4122069 0.0715516 -0.1451590 -0.4211063 -0.0284294 -0.1206917 0.3121058 -0.0383168 0.1948055 0.3455666 0.1032711 -0.0167793 -0.3734728 -0.1839665 0.1324192 -0.4135837 -0.0248676 0.1205223 -0.0220666 0.1988191 -0.3463367 0.0332905 -0.1041162 0.0981614 -0.1368473 -0.0655198 -0.1347424 -0.1132411 0.1016415 0.8509645 -0.4353319 -0.0166851 -0.0548220 0.0929192 -0.0461990 0.2579578 0.0994850 -0.1337252 -0.3203193 -0.5193822 -0.0151470 -0.1940813 0.1417470 -0.0803793 -0.3926319 0.1773841 0.0037435 -0.0828276 -0.2732038 -0.3868923 -0.0508258 -0.4428281 0.4409913 0.2109280 0.3925336 -0.1604617 0.4790716 -0.1140273 0.6479760 -0.2415093 0.6998956 -0.0842631 -0.3730018 0.2635232
-0.0912644 0.0865931 -0.2932726 0.2968241 -0.2382878 0.2815103 0.0136498 -0.3208827 -0.1819310 0.1884432 -0.0030176 0.3569723 0.1029766 0.0104620 -0.4541614 -0.0767814 0.1864358 0.4055824 -0.0810718 0.0183161 -0.2348102 0.0091351 -0.3744983 -0.4141082 -0.2168007 -0.1352858 0.4005756 0.2263073 -0.3013812 0.5965669 0.0702733 -0.1316771 0.0058398 -0.2795782 0.3336165 -0.1667867 0.0596053 -0.1180393 0.1298118 0.0130130 0.1281036 0.3791674 -0.2131410 -0.4353319 0.6886611 -0.0017294 -0.0079376 0.0495577 0.0524500 -0.4429101 -0.1263515 0.3919640 0.3270622 0.5061889 0.1909918 0.0418370 -0.1117312 -0.0760695 0.2184894 -0.2519184 0.0480074 0.3100223 0.2929662 0.4694046 -0.0289001 0.4556738 -0.2988361 -0.0955302 -0.4065770 0.0861812 -0.3364419 0.0657198 -0.8264397 0.3276780 -0.5765759 0.0257113 0.3558758 -0.2919735
0.1016978 0.0590589 -0.0731108 -0.0234185 0.0439486 0.0387121 0.0818077 0.1630960 0.0418214 0.1948112 -0.0470251 0.0627081 0.1821458 0.1004847 -0.4847187 0.0065154 0.1579859 -0.1892137 0.0995211 0.0055012 0.0195288 0.0380044 -0.0486568 -0.1329077 0.1863543 0.0343654 0.0394925 0.0264491 -0.1278612 0.0203153 0.2648294 0.1959878 0.2249521 -0.1598075 -0.0241532 0.1457117 -0.0359175 -0.2703255 0.1392764 0.0943406 0.1945242 0.0147259 0.0189814 -0.0166851 -0.0017294 0.4167853 0.0382093 -0.1800180 0.1570328 -0.3963763 -0.0145305 -0.0956555 0.0653876 -0.0901667 -0.0745726 0.1085458 0.1037981 0.1603579 -0.1196966 -0.2044806 -0.0838544 -0.0169486 0.0866994 0.0117755 0.0574978 -0.1056027 0.0313213 0.0910569 -0.3253654 -0.2173299 -0.0558010 0.2563868 -0.4092229 -0.0989056 -0.1072188 0.1093599 -0.0423541 0.0280528
0.1553582 0.2813503 0.3476776 -0.1185744 -0.1441095 -0.1018873 -0.0606457 0.0029558 -0.1933247 0.0479865 -0.1780643 0.1057246 -0.0558162 0.1845641 0.1820593 -0.0443967 0.1151933 0.1008067 -0.1378377 0.2405097 0.0718153 0.0097739 0.2190222 0.0300904 0.0251466 -0.1500864 -0.0172364 -0.0581427 -0.0252296 0.0124315 -0.0030437 0.0222821 -0.0215603 -0.0658161 0.0541083 -0.0558752 -0.0586141 -0.1567042 0.0049320 0.1880369 0.1533277 -0.1262935 0.0880870 -0.0548220 -0.0079376 0.0382093 0.4652245 0.0660363 0.0127654 0.0947690 -0.0476854 -0.1067429 -0.1261780 -0.0932219 -0.1814074 -0.0134013 -0.1291667 -0.0733873 -0.2683076 0.1486302 0.0648276 -0.2075844 -0.1164492 -0.1618527 0.1823656 -0.0634089 0.1402397 0.0814966 0.1387648 -0.0941845 0.2861548 0.0113580 0.0397444 -0.2423072 -0.1368882 -0.0352022 -0.1622029 -0.2278179
0.1460228 0.0421667 0.0321211 0.0018118 -0.4150727 0.0000768 -0.2581996 -0.1820449 -0.3443902 -0.0632813 -0.2649341 0.0504348 -0.1631707 0.0745221 0.5077796 -0.3736257 -0.2018957 0.2542957 -0.0547548 -0.0219333 -0.1221176 -0.2769616 0.2208177 0.2927217 -0.1348914 -0.3102317 0.0497438 0.0018555 -0.1247764 0.0749280 -0.1945140 -0.2016549 -0.1603272 -0.0691668 0.1189028 -0.2854099 -0.3380131 0.4835190 -0.1374113 0.0702722 -0.1585238 -0.0307347 -0.0170849 0.0929192 0.0495577 -0.1800180 0.0660363 0.8191955 -0.2240619 0.6159624 -0.2309940 0.0574630 0.0328940 -0.0318993 0.0747153 -0.1597474 -0.3891938 -0.2495976 0.0211881 0.5743123 0.1683400 0.2108887 -0.0399733 -0.0114817 0.1535425 -0.0755125 0.1565548 0.0317020 0.7506248 0.0626413 0.2584007 -0.1003624 0.4940540 -0.0803724 -0.0016091 -0.2692097 -0.0806220 -0.2913485
